940254
5252949
3106873
40812029
507061
5111806
9590033
20736236
3048710
110551185
3075305
5177484
2260511
3022070
5345604
106045081
2992055
27731498
3331018
3368548
5445999
24102940
3164180
7676810
23239568
7241615
3058970
5523444
18546690
7540550
3009943
18785708
7777340
34550719
3194870
5551186
3173810
7565412
52406253
2139326
7655457
3267433
3411366
34880704
63924426
27638392
5371546
19724253
3270493
3147283
18937246
3254361
48100961
47887660
5540769
3144470
38931768
3128766
3067430
23521404
46143818
7847900
814141
5669829
21421407
3176308
3015860
24306182
3147440
25549039
3136685
47761210
5080351
859344
21074299
11740474
10071871
895434
108850857
50412952
601651
5657545
50390295
5389749
32109555
4934933
4923548
54821092
20830827
29461548
40363896
34067171
7748991
65839720
18721741
54572736
44619462
2929392
5054813
4102161
17869822
7350807
20373693
3037348
3466513
3147418
34189683
34385141
21051350
3191158
27811801
839859
7835278
4239727
3591073
5281681
7578957
2338969
2870802
5182771
7551237
83603229
3190708
14160083
30004474
5360296
5287936
18761341
5232451
18784269
5200096
79948256
9944949
5649152
83499121
5098913
68024653
63720037
5210513
29976327
12216643
5430631
12086592
45867743
873879
6985316
76901975
32196518
12205010
7727975
27672233
12270418
7898345
5424646
14374014
11925830
7722103
45567097
819114
7810505
27767858
12282815
5424219
3285231
1009419
11902204
7736751
27771187
12105380
5274638
5366236
23278493
5135769
7587215
27648900
899394
7749957
9821266
12063012
2926940
14316413
9575858
12064947
3240568
14486784
3032105
18729076
5228064
29758954
7446972
7414482
14208526
23408633
5283593
16482965
4985940
32462850
5133293
918969
25460299
5099049
3352798
3321636
986087
7402288
5161779
5144724
18954571
75122785
16811690
29558410
2517169
6306918
981452
2538814
3201913
23230072
18669540
7344507
2757627
7677620
7465535
5769887
3023802
16980440
7653837
17919434
3077375
3918854
5362794
2935535
5451601
916202
3591366
7928158
3190978
3052895
2401001
5512981
3168545
5110703
1827160
7827155
894872
5174041
2351568
2836265
13906800
7317327
13951845
5056748
5171656
3598475
1903706
846046
3296772
13849741
2837480
2904485
6378153
646809
2981592
1803513
3916402
3264868
18887903
2114306
3199550
3179233
2749977
46145415
22981673
7684303
7739946
6160487
994322
21142543
3125210
29929391
5503059
3110248
5324049
607321
2977948
7426047
2909727
2799387
7523878
27835268
2708644
16428019
3251436
3109775
2949215
2678900
7455567
2873075
18649650
45598012
7420625
5133429
17188296
2823620
47883296
568464
2717892
615354
2716879
5252544
2903404
7328284
2809647
473761
7436104
728686
2851587
2848505
5081633
2820087
7617950
2827534
7321917
2848684
7472037
5054656
5224913
14084641
681323
5126678
67886459
527693
7500117
3179525
5471559
7781210
891136
23193578
21190647
3129462
7468708
27876443
3291126
34742441
7372294
4867163
11986714
20595566
7730630
787704
7652870
3095353
19951390
7661893
5200838
3135425
3377458
884342
7420692
41339385
52340372
32421428
3216583
3086488
18764760
18849428
25871600
2767955
34608904
2069103
5445796
2632234
3268693
2237426
3062278
3111238
3080525
7781052
4081687
7906963
4051716
5534919
3085610
5344524
3155742
3036672
5345987
3124040
3220183
4006087
4063619
3366500
7373554
3223738
3696396
2357329
4869435
3062120
5539420
7572567
5270296
3052063
7266274
5298826
3074472
7533620
25525977
26230092
18837796
2924217
3139902
2443189
3269075
7722012
2428902
3120508
34595539
3315156
3360560
5156266
7800133
18828750
5446472
868727
21185427
1104055
5346864
63767579
7867902
24603587
20909914
5012648
20883162
2912563
5113269
50237609
50728831
29691543
5624740
7017941
7101349
2765457
3017188
3211160
2487177
5306004
6064435
4270124
7468279
5212111
5298039
5956705
3002068
824423
2975338
2135253
7487224
7835682
2819278
7875103
5070000
18767686
5441431
2909637
2875617
7300924
2960240
6967496
595531
34584289
3370213
3091415
5049841
2966202
18439051
3052557
34307021
27387877
5057198
45764895
50108617
5363694
32250450
5400481
27860558
22725487
18916928
5443389
50729978
3260908
45632774
32141258
5514286
5183739
5101208
5238143
5578299
5387949
5430901
5356246
5154781
45623842
16469779
5383269
5117521
5503802
2955065
5055016
48544504
2892605
47894861
27617377
5083681
660039
5725562
18762173
5484136
5382437
23183408
5214428
41097239
5317051
5319594
5213303
5227929
5157414
27752513
5340451
815244
23354543
34488079
3155631
52534976
2948405
5128344
7580060
16565179
3187288
7444115
28894389
5369184
3170480
3082640
19905895
5526347
3314142
3087095
5197126
3088827
27773596
2466297
5216544
5455494
99942576
50324302
5442647
5144319
5164838
5415106
5227141
5313541
5176111
5265796
5394564
9907329
67978326
5402889
32332981
5497884
5430631
5324408
5463909
5427864
32275740
5372716
5277654
5277992
5418166
2056728
7541968
2502499
3206030
5139594
1037904
3873201
5349159
4631160
5590269
3202633
2820875
7736548
2630749
4109856
5350913
7464432
552578
5730286
5353231
5992480
6931317
2727792
3313086
5072588
3161480
3137428
3129283
3112430
5320134
3574829
5310144
3176645
2987082
2878070
3060410
2908580
7398552
2965167
4188202
2927592
4253114
5211413
6521839
2593894
2857707
3390643
16331517
3838956
3187468
3706633
5509022
3277782
5327897
2642832
5257021
3236361
3138642
3238048
4497734
5592272
25491529
3649371
2912877
3181708
3134390
3145820
33842890
5279409
23448076
20377406
3142040
2944107
4264297
7456535
2442176
7568832
966894
5456506
3045087
4024964
3162808
3197368
7038214
1035924
3524428
34546263
5416479
5128613
3621403
3176330
3144088
3275803
3884316
6956449
7663512
686116
9663046
5438597
1747397
4236419
5512036
3056248
3136033
2907320
7733375
5472526
3134570
5368509
768624
3092608
7619998
27760320
9629183
36577477
18762466
2966765
15379045
5961497
4094152
3212803
853044
5481571
3040317
4760693
2861892
7411512
20886334
28348539
25266731
47907888
3079175
7537063
3113465
2892335
9038737
5662967
1025664
5346594
32385990
25617439
9488783
5277923
32555258
5764734
7792865
23450349
5529519
795669
3061198
3140398
5230089
3126538
9638363
3175048
2990278
11897884
7567145
14407944
7696363
7386448
36792713
41065560
6805767
41957281
2968362
83911682
5574136
9861699
12755676
848567
2897240
21115992
2830213
3779646
7787757
1372705
2998715
7193690
3231681
2374676
5378138
12715266
7825265
3203353
3121565
7731373
3297448
4174791
5363469
4089044
5537236
14453687
21584691
2903697
3685011
4070324
2369434
3377008
7109022
16581762
3009448
32216633
5471244
3591703
3212375
862179
3333471
4370947
5459522
16625052
6980119
3225133
2734385
3517565
5352961
5504791
2945705
2554361
3154595
5551906
7548897
5024619
2738681
4226227
25471099
2594681
8040725
26422085
8316824
7900730
5901579
20079618
21018634
23317171
3152548
2988995
2997680
20888269
5392899
23462386
7816918
3203937
5391324
18857731
5465754
23451833
6558265
5544617
3142715
7633812
1948188
3089052
7571308
18827873
3058633
27205019
17657962
3178423
5249979
7630797
5433197
3099087
3347421
18589171
3215008
3187850
3170210
5437449
3177455
3177545
5343039
18869791
3228778
3239195
3176713
20913266
7511525
769299
3006027
7595382
3087613
7440357
81634115
743199
7589802
2911798
18773018
3036965
3006208
3175633
5271309
799291
5264536
5409954
3157002
3039890
5509089
50275702
2879915
18820538
3130722
7698410
3092427
5103661
2697709
5184211
27709088
99635180
3124895
3259265
3111957
7631787
820689
7740800
7937923
3146091
2877777
3324043
935979
3024612
5290366
29879329
2951600
2702367
2972188
2944085
720338
3075508
2926760
3709536
2998445
82012994
54834187
5318536
3186298
2959137
2941745
7420467
3100977
4629743
2492824
3132343
7743793
2973087
7620245
611011
3079535
3162267
5334759
759781
3213568
5417604
5497074
14338351
5449712
18852016
5611126
9956739
3071322
3247880
3204951
7703585
3146608
3376378
5188576
3211228
2985170
3157947
3210440
3064933
5470299
3165936
5193076
5335951
45927974
9645675
3047337
2942263
5329742
5341419
2892268
3021418
5357709
22010278
888976
2855210
18852645
2859935
3008524
2936705
3113195
954991
5172646
2929955
2884212
7585639
3120260
7612820
866904
3069545
834234
7594122
3049767
7562578
920522
3198448
1110265
7729168
3163573
7583030
3162988
817651
7675078
817854
4177627
5286947
784418
3245225
940861
7753738
3130498
7605102
2930405
2995497
7523112
604261
3317697
7516519
3228328
3169197
3255036
1118927
5488344
3202678
7528355
3379596
5247796
2980153
3082100
5248561
2989265
3011293
5076459
2902910
2952545
3921036
5410044
18804676
5503847
5422734
3089165
3180065
5386644
1085829
2902370
7598825
976187
5496624
34585054
18742980
3119810
7660858
3087815
7450550
19155766
7619592
3345778
34506664
3345328
3589768
3179007
18942264
3145100
7863245
3321253
23426656
2924330
5514331
23595203
18954976
3211272
18778980
3316010
7796330
14643316
7960086
48368734
3406641
65667437
5201063
581243
48180678
7848125
48214203
7854222
54909225
1057299
5395464
25875043
19049679
7911058
7592592
19736897
5455674
2841890
18791694
3041442
7768565
39211377
16545672
5447394
5388533
3275960
3170121
18755783
5264671
5429821
5292346
90452038
41358847
14506967
5344028
5272479
18926131
5419584
5186506
5452929
5475654
18917198
2999187
7594798
37955492
981160
99601115
5314644
5557261
3377188
7735017
5337211
32243632
5311134
5388421
3157386
5324094
5330327
14566411
45882908
65880175
3068038
5374831
14007646
20732974
16299499
2916027
796546
3226055
7625757
34485109
7839463
5126004
20822569
2840314
14263876
3073168
34636692
3012508
3015972
706861
7574885
23383816
2986295
3022925
2947032
3111665
3036650
3057328
2952297
2989378
3147260
3111215
7398687
2810254
2903899
5153138
18509407
5274638
74688895
600368
7505720
2853522
3082550
3017075
2966157
3154145
3131601
3035683
7600985
3108942
7739810
3116300
7522707
50127449
3040295
2818333
3061220
3150882
3043737
7557447
3018628
7526038
3171043
7517982
23322661
3168770
3040610
3006927
7414437
3049542
5634100
2923745
2934455
7626478
3265228
7572005
3015275
7461890
32224373
3006590
2864278
3091932
7615925
2836580
2902843
3190843
3206053
2842453
648158
3157070
90451903
768737
3251187
907449
5259249
2963030
2986722
7468438
2999143
7618198
3187580
3083765
7592750
3022317
7591602
3116030
7564242
3249770
3161435
3096635
3015320
3138148
3124490
3245945
16488229
3074293
1117621
3010370
7552520
3199101
848837
7526960
3122150
3111012
3048687
3154505
5234903
3193587
27861593
3101315
5657972
3184881
34598666
3219305
3046438
1039007
3147508
2949777
5100286
17824057
3096635
2984180
2979499
5201626
2969217
3094947
7562983
18551033
2887903
2843307
864024
29953309
3207133
2997568
3067498
3110360
3046460
5397737
34684954
3052782
25231991
65867080
3259737
5423004
3142738
3157341
25490269
21101007
9490291
5346684
9761484
5358969
101963146
2109581
21110659
5525807
65726702
27680175
27838193
5378679
23098133
5140246
3195771
2880882
18829561
5329246
32314126
27561915
27713880
7564850
5335974
3056270
20901814
5167133
7493525
3110000
11940342
5190376
19669465
3210463
21001354
5289332
3167241
27605137
47673573
2849450
20844102
5071171
5231439
2968362
2930045
5048063
2895417
92581014
3058745
16719058
7553150
2985215
3058970
7527860
30383779
5246829
22599554
5490706
35745246
669219
7167387
21001174
833716
850771
22018154
860401
32236950
5360859
32349946
5138603
5301391
5249056
3224997
47882261
7802833
9153038
3381486
7619187
1012074
18884529
2902392
2261164
36605130
3096410
9977889
9918084
694576
32378047
5225498
53683467
1996810
5089419
6826804
18622043
3351245
9095954
7522910
3081650
2999412
6868451
3074090
561398
7520232
5435717
34363047
5228986
18592230
18436395
50163337
5269149
68292066
5241856
5410944
848588
2599272
20917069
5486049
5271129
27861796
14365913
5601519
5356201
5359981
5299883
5425817
5264334
5295361
5130391
5095898
5047659
18791288
5241204
5239471
7889615
2898545
27822601
5398794
5374314
5209501
5658084
5508482
18906826
5232114
5262623
5174896
5514556
5382369
99388197
18869723
45579832
6179770
3400520
23449718
5481661
1183501
18792705
5474574
5578186
5543334
5567207
63351464
1122257
19057396
5495949
5515726
34552271
3213432
3126965
3381035
3170075
3115580
733276
5346931
2903809
2976304
2994598
34573534
5347449
7609288
34654377
5227501
3178423
3067655
7493277
3057957
36667635
5454279
5433061
5247436
3435103
21065074
730036
5162769
7367817
5191501
2989760
3030867
3021935
5186281
7711145
42996310
32077785
63787334
45760372
63777007
45839460
5207431
3219328
110869381
27667080
50389868
5196429
16303482
2854265
30053366
3098840
5109759
3147890
5243656
32318018
29727881
7684416
29799791
63410301
45629669
89084598
95449611
7713148
7613968
7582625
65739662
45424221
25459466
45774052
63782182
119647883
18701378
5255244
3231725
27847598
3158375
3097400
5270836
16816977
3010527
23250076
3672456
633174
34544621
2949012
21205498
14400743
7636985
395843
5448766
32384213
5159168
5157796
5145849
5126206
5299051
5217556
2968857
5397759
5588515
9821626
27740791
45625507
27850321
23235023
14272876
25466239
79711420
922906
63502597
12274512
5493249
29776099
7126707
81890436
662109
25439464
5378656
16596747
5230808
50260627
63785085
5289038
54362001
5352939
5302831
19365805
2797565
25407289
5216363
49991392
84106825
6684289
7657955
47853056
30197209
5459476
32391593
5094189
5067188
5466676
2902415
27596610
5078146
5030378
2948202
19112747
5115429
5172331
63539474
63954487
99444402
81962661
16612834
3591141
7558775
18853996
3246328
3116638
14233164
5216319
5265638
18960083
5465484
50057587
5342386
14481609
54135718
758431
3193835
32904324
5457294
5501326
5289309
27893543
34493006
3221735
52432241
3241648
3361528
25440859
1038917
5509426
7553442
16493382
3226168
7363880
7417047
3061130
19028978
7610862
1165952
36996765
1123427
7758395
5414409
23252797
1149144
5306881
5574902
18701715
27882743
841658
5242104
5649715
5567049
23405551
1013492
3118461
12228815
23162348
775532
36837735
808899
5260711
7786340
25586885
3095532
3215795
34435698
4913175
19331222
3049183
9890408
16732242
3300216
34627939
3207132
34526104
3250108
106037948
27969120
3154303
27832028
5309177
3149826
3128090
5113741
3043062
3448963
3152255
3335698
5423701
9962791
34558099
3173113
16460397
3346926
23406833
3435126
3379213
3095893
5450049
3306628
3334933
9840908
9904359
94434432
39115841
3215480
5252543
3096793
7705227
3291306
3196400
3176667
5246491
3309418
5654552
3088760
5463279
5446179
5420034
23424159
990114
5172624
3181910
3098412
1037634
5498919
5579740
18747751
5346414
5383944
5406399
7630640
27170639
5300694
3114725
796434
3032780
14368343
3040003
16540587
2957540
16418569
102161687
14789499
34534631
5264851
7753491
39000259
5358564
5436324
5253286
5408356
5287846
7738145
37016858
5420596
23469833
893792
27932873
1078899
3288582
7894160
3217280
16625119
1007484
7478247
3036290
16626852
2991357
36731512
904052
5372986
12123920
27766283
868659
3035615
18799410
3176892
14504941
2949800
7591580
32156603
921871
3280145
857746
5286812
9875086
30047989
7460000
7507633
32492100
3146585
49973864
9596535
2959632
11957285
14131530
99436888
5246963
5182546
2977385
7481869
5332036
14298369
2900187
12002330
14150769
9933991
21153004
34375287
5444334
14455441
84233140
3052197
518153
7561565
469058
5388444
14281831
5344052
3409543
3156148
23095050
5177551
778231
2916545
2910919
5278329
2923294
16939468
7830665
2938527
9701161
5151361
2831428
3063920
5297341
3193678
7575695
45618059
43301996
12322280
5423004
32350171
5320111
16601968
7677418
7508600
7436442
68023821
8937127
27765406
12100925
7668687
3017660
12192522
990654
7957835
5543244
1049852
5180881
29763746
7889818
20876007
1028881
3282148
16049524
3237440
3159343
3292993
29794751
7792235
5207071
16615940
7582512
7675527
7846663
3014308
2843600
7691457
14344808
7732745
81449728
7704755
14132094
7661600
11841702
7316720
11939892
5228131
7252685
11731924
13759065
7491410
3236451
7981753
2909480
5283234
18657638
5254411
3137810
3350346
7584605
5491629
9877853
14324154
2886193
798278
3024815
3159027
631846
4514587
771009
5134733
2930134
3018492
5323869
2933578
3047787
5423701
14134253
3115400
16508884
5254164
14102460
5219424
9421823
5334736
18931328
5429011
7700863
5358136
3341705
5330258
7443439
2874673
2868664
29942644
3183980
2558749
3205850
5460602
45773445
843999
5257066
27875858
2986767
3091168
2740324
5132708
2831787
9761056
2786450
5485037
2880005
3148745
2982335
565246
22969185
617221
5298533
9642008
45530310
551993
5480964
27752535
6790196
923649
3125368
14425471
3353428
12042358
14334301
3175047
5440869
3217550
5567904
3200698
3364678
5619204
948714
5269014
5492079
7713688
3330073
3349986
18780533
3061783
3110832
3293196
3334978
5332306
3218630
5320201
5280151
5331789
3126740
3295580
5381311
2910942
5333251
3125300
7544757
3022542
5198971
3157295
5282964
2713662
7630392
3366185
18912878
18740235
18892606
5312956
32199285
5343556
5191029
5096281
5153993
5324364
5340428
3161210
2927434
27864428
947274
5372717
21110412
3149487
3031564
29958394
5335479
787546
5407006
32136083
5210851
5473922
5116643
5559174
5442219
45816262
50170064
5270948
5407141
3189493
5407839
3369380
7664705
7701515
3169670
5486837
3189313
3108538
946554
5396072
81893226
3228058
3131645
3154731
5515951
3329443
3059600
5509584
3213365
3234718
23438131
45871927
3133940
37043048
952831
5321236
5582507
19091709
5424083
5596434
5434298
5536899
19053031
18976644
34738257
39255972
1036104
7739450
25486939
1063509
36801735
1141922
24281388
3245698
3265273
34614642
39148332
45992438
3022768
23539313
3363441
5370961
3210417
3124288
18653475
841546
16648767
5457474
5337008
5271961
5389703
3194645
5375843
3128315
3145753
27916920
5438146
3264148
3052490
5332464
3268851
3140645
7568809
21207882
1145207
63815347
5383201
7050296
3162672
3140241
90639486
62183374
3116165
1560130
3170435
3089772
3091235
62209564
5344299
135908682
905627
81314121
50019021
726233
68105429
5257876
5341779
5397421
5180318
5404149
4969809
5264559
5343511
5387408
55124415
893724
14158373
5348799
77449784
50181404
605251
5033866
14093843
18871478
5018655
5075176
5300716
27729045
5424961
1086864
5530396
50364758
5556361
5654237
5177911
5556430
5613872
2999119
3155653
58501603
916831
5256031
27967276
5094256
871471
5324229
32511609
5562414
32358698
5304834
28548317
12238490
7747010
90896436
1067514
12351035
25584274
12113615
7916526
30085204
5292323
32277225
5267011
5380614
5317502
3394445
3237823
4969605
5372963
3061018
7573040
18717331
5266088
5333859
5300806
5636642
52683093
3288358
3167960
3184678
5569456
45976193
5375732
5210603
5292526
5507289
5335793
5334151
5279274
5297566
5259383
5328482
5573844
5293382
18904328
5483393
5278621
21106767
16548237
5175458
32436413
5637632
32509809
63825247
63725369
5362209
32451241
5289826
20490041
3308022
48036836
7629403
81385940
5134734
5133541
727764
18951826
1152902
39238489
3312163
3190663
34486504
5279071
5161734
5301414
5296396
5237018
50277187
5599674
50433878
5330282
5272794
5470232
5294214
5439744
32361645
5522274
5445594
32354940
811509
5440689
32149650
5247346
5210648
5019916
5330012
5292143
5347899
5335434
5488929
5321101
32155208
5333139
752513
5306566
27852368
5187698
852054
5180251
20921861
3029809
5100646
5329494
5402799
5290546
5336288
5525312
18900975
5445347
23414910
840737
5264738
32321258
5322631
5310256
5296103
3072290
12177964
7560440
30269165
7515687
27937081
5219401
530281
7491680
34394907
5393439
5334962
3091415
2951465
34519061
3242705
5342228
3048710
2908939
27804937
45816352
52474856
3018290
5276776
3159095
2935873
18639593
61310148
5255221
7489430
5354604
3188976
3365016
21053059
5123011
3068510
27943673
3007490
2884527
3044458
34504077
3280123
3028663
5135116
2892582
7407372
5151676
5278374
2983797
2908130
5158561
2893572
27655808
5307466
3014555
2806475
18637568
5164253
4954485
34373014
2998693
2929504
5157436
2994035
27740250
5196383
3274295
3229138
3141681
29956729
2959700
3205220
50367030
5107396
5160339
3169152
3008660
27892350
5239966
3251863
2883650
18835749
54460101
5435064
5186011
5100601
5242013
5157234
3280460
3012305
3205648
5414071
3133985
27987729
16591144
3156845
7638042
90359810
27926641
5241541
7617410
3004183
18724620
5309469
5253781
18651091
77403996
12239187
5434186
5343422
5363717
5436414
72480493
5456484
5423904
3251683
30225312
14329554
23453949
32152507
5286587
27972766
50163607
27723285
5225319
32553593
5259609
32214495
81993847
9647026
24027249
7723160
14184519
25430487
30067744
27691380
5117431
7126729
49852837
20973027
735796
3110360
5417603
3050420
27624848
76864828
50237182
5142811
5279971
18667673
9827521
18206940
868298
2922035
16745764
7492894
3122601
7671140
16542274
63622094
44808711
18685200
29919537
7665965
29910761
7738032
7639190
34006690
3033815
5433354
3377818
3241220
3208708
5500449
3340333
26550584
1038939
3099110
2914969
5493451
3354351
16379307
2913238
19256679
7340906
812094
5266246
14214331
1126285
3181888
7310757
9682621
1089519
18976193
90440315
1069651
3401511
16560972
1064499
21109309
16381444
3366073
63702127
5453221
77352134
7573354
5376879
903849
2390134
7823510
5488412
23592301
3207313
3156621
5408109
63690022
12813883
5352286
34681017
3245113
3142377
5333656
3131173
3063223
5323374
3096432
5278194
23389621
7825130
14265294
5347088
5335681
999879
5461209
2955942
2901313
5535166
23550698
971686
5588312
18832711
5211706
5508189
25142418
30186117
5166234
32191342
5395216
5342341
5332037
5395104
5415939
18966001
5346661
5300761
19023061
5927365
5324791
5284719
3332840
3238431
18906578
3182383
977312
5478443
5341216
18818468
5463122
5429462
5339777
5304159
5377284
45911685
5111086
1132201
5514219
52575431
3235325
36993481
1048480
32589301
5489131
5217781
5228356
4987763
5225543
63903952
5486926
5446764
5441814
5615694
23395516
5332419
5471334
35722431
5103841
9443086
515544
7657168
135356643
722657
2827917
32026710
11984082
5101141
5052496
36934058
5314734
50129070
5154196
5458127
5390919
3211025
2838605
83907722
2862883
4916843
34391981
2927480
16237601
5202234
7190922
29990817
967502
5514917
5219424
18973718
5361691
5230448
5268136
5529834
5691249
63665249
911567
5633311
3098705
3122960
7658967
7965396
36680842
3092743
9670988
23010721
5128546
780796
23252753
5541489
18783750
18740595
6023215
3214040
13119929
5606761
7426969
1186877
5501417
5504139
5130931
5504904
7689230
3356983
18765773
1078540
23254463
5487647
18799995
63514679
785319
3403648
5312618
3050285
1057704
14148990
5229436
54561329
995042
5592002
5409774
18859644
63432463
846159
3228845
7659103
18813743
18916186
18640696
5044306
5094256
3234065
7735085
5462896
5175661
7656222
3362496
7728335
3097130
7399362
3384614
5175864
29951554
47988146
5383831
574651
89231479
1211515
7426227
18866056
2870780
3240163
19015636
3168995
18625913
5206576
5574451
5279476
5055983
5064331
18588181
3007310
7311410
47953473
5264154
756406
27741960
5305869
88630143
61590588
5328099
23246408
741331
7577405
23206785
5445211
3116480
3056337
18839866
5240304
32401403
7656425
5273446
5231619
3046550
3000222
3068510
23192318
18749730
5341756
5370039
5103638
2943972
7417294
27861773
5306274
3220835
18958463
5427256
5280511
3004339
3025422
18662453
5225004
5227028
5565767
5217106
5232451
5253039
16515747
7463172
5606942
5266066
3057890
3371608
32227163
5601384
18947551
5240506
5469287
5343107
5237198
5281254
5293674
5314306
3073730
2962693
48724842
5291671
5538272
2992168
5376878
68282886
5104201
11943267
34595269
39212434
5210671
5541624
5106338
5229166
7828641
5299951
5094323
20878954
5181781
5477207
5592564
5331406
5156783
32381895
5569501
5312956
54937529
5509651
14384588
2963750
5164276
3202160
5488141
9988644
20947016
5349834
45852150
5462671
5437291
5517504
5407028
5537349
5472797
5349452
25663565
16503867
5419674
3322423
14050913
593371
3313401
5134914
16478780
7565435
3162088
47709798
917799
34677754
3480328
34696452
3306561
7513978
5225183
3160895
3018267
34610097
3196175
3027065
848139
7657122
3082212
41124735
3376175
5386014
3264913
3084440
25656994
868501
3130700
45608767
2752722
18747233
697726
5271511
3157655
20782902
5348259
493583
18842859
2774142
45813923
2751507
23112690
2992707
27390892
3038000
70282127
2994575
34180548
3037573
16103007
5005043
3043423
2656040
45782782
2951082
5489649
3275398
21240148
14176440
897616
3194173
20921501
16315137
5243768
5195416
7450145
2844230
5150978
3046640
3018942
20961349
23214233
3169940
34369211
3443428
7645400
3203848
16466089
5390267
5390717
3302488
5602509
7670960
3107750
3196806
5317479
14078071
3277805
5309626
3274723
16382569
23488036
3245202
3193250
3336710
5530982
951931
19060794
3411883
3117493
23066183
1689010
45684030
2919222
5001870
27731250
5082759
3004025
2995183
7537287
2904192
7484840
2834307
30005756
32186280
5233733
3016468
14176305
2994642
783744
5450117
18898906
3347195
849759
7780017
3239533
5464426
5559354
3142828
3116413
3144358
30223107
93154067
818799
5041629
3364138
11986062
7506665
698761
2834914
27629888
2955808
5129176
2933487
11737549
7461215
18818761
5110320
5424758
5394654
3163416
7800740
12290421
7867880
32540858
5365539
945271
5389029
16513565
3415911
72195733
50128686
1032639
7682097
23467268
7778713
810451
2915735
7213646
886749
43364793
5440419
783901
9805066
32286743
5497052
32193705
27879908
2898680
3179323
3002023
7716838
681144
5391032
11407113
5158989
2938775
5544774
7665875
18850846
3042950
9576669
27603046
5132528
50284905
3175363
3607251
3047562
43803386
7653725
7545230
3284848
72942307
1000892
5395239
984354
5315161
7441325
18825150
3095847
5383538
5162971
841096
18711683
772877
18341670
5370939
5263523
79663157
10072524
28069133
5336379
52576916
5347584
5362411
16681077
5591192
5375146
3305908
7751847
45832417
884837
21166617
34657571
5346999
5450071
5399694
5297386
5257831
50411197
5431306
5300626
5287644
5263682
108889198
23283961
5279522
5269914
2933285
5285753
5517819
5437381
921850
7818155
18735173
4983240
5094661
28004986
988337
23092148
32332800
7684257
36847951
5383044
3029180
23109720
3047607
3295197
34737830
3265385
3323233
3242705
2837682
7310015
18759586
3320083
7792190
7557650
9918017
864564
3010865
7544983
11874191
5224486
3221983
3047338
11992137
7315054
5414251
12510246
14315784
7693123
7638177
7637727
5397219
3078793
7538007
3211543
3029270
7410297
2864817
7492670
2775919
7611538
2924375
16590650
12159920
5186619
5316803
3064573
3152255
47103399
27558968
809213
5557374
7738978
12225755
3107615
16556945
23223053
93186490
3270763
5464764
14462663
32376586
5585252
32448428
10067664
45822224
45947572
5425366
32047410
27827932
5496106
5411912
21189005
7771535
5489064
5357304
3237936
3139790
23403976
986739
5438259
14415751
7390294
5092546
19031476
5501417
5603724
966444
32070450
5540184
34384398
3156283
2908557
3223692
5071778
7339624
18990616
3134750
3168680
21495950
1107272
2100716
5472504
5406016
16660669
5329493
5512352
34468864
5410988
5269486
3394423
3052895
3307596
7599882
27879030
18491903
3157047
30277984
30136977
35299655
954159
5412744
32355346
5135206
32492596
7768385
7482432
47359922
18954953
5542165
905244
7572343
3331265
34559921
3143817
693496
7479417
2931238
2857234
5082510
3071300
7455972
5363064
5475789
3085340
27807390
5256818
3142378
3070445
5281659
3139587
2956617
9880914
5386734
3204816
2833249
34542642
3214603
3047562
5108205
47988686
5169181
16307554
5100803
5130953
5163511
2849112
2893843
32139278
29954029
5161509
2940665
2963750
7496832
45820717
97649934
747834
20979507
5102401
2949327
3058520
2967530
5228986
5206936
18466275
5155321
27632025
99408424
2925252
3136887
5450139
7809673
584889
29974706
5383381
21091602
21242847
7631540
16641590
3071907
3059758
5255356
3145910
52712298
3225740
3023060
5257269
3097648
5272096
3075710
3030192
16590312
3056562
3047810
11845302
3154235
3153650
5227006
104082717
5212854
5233013
2998355
2952702
3198965
2855975
7698635
14306784
5206171
18857528
5223991
7764403
3205017
14409631
3203420
913051
891069
7807918
5249191
16559667
3008255
14365396
12113997
25680462
2608880
52216578
838914
3182067
140385379
514845
45646365
63633861
63855959
5108971
5381222
5274031
5544729
63724334
3344473
5370196
3133603
3052400
90366110
3226820
826381
18779206
63276426
3174710
823861
5337751
16868165
3203308
34624339
21096147
16735684
21038862
2782692
3098975
3317090
1032707
21100264
34535081
3259558
3076362
5359802
23504191
5059854
535073
3016625
16366325
86401334
7797860
5381176
5168416
5515141
5235489
5200906
3052827
3023532
7839327
47863406
3161030
16646900
7704238
3163302
19013476
7761950
7834220
7725522
3142041
3137225
7355172
18673343
3048553
7517937
7372497
7559877
799606
5150168
52555496
27537907
27597511
27370619
63629518
14256810
14321003
630361
2970770
3101810
5207611
3221150
20972959
34586426
2922282
9449093
2819502
5395171
3218000
3030170
5260667
3211206
52535944
3278391
2920842
3036920
18639773
3111620
7556052
7411647
65820415
951684
5346323
5544909
21132844
21256820
3259828
5427347
2075201
3178445
7810483
3215457
7733398
3109348
64426290
953799
3131421
7691683
81919439
1057187
21024124
3182900
5495859
14365193
5390603
13564170
5377554
32183108
5528642
7641822
23391803
3420253
5481256
7666460
5531747
1240967
48111559
5445549
847014
34365004
3178198
34712179
3393658
18991921
3275240
7859533
3246261
3113082
5258573
3170615
3034175
5446224
5542299
18892516
3154820
12262296
7939655
7348220
588916
3011990
2895980
5126206
7349682
29931461
5226803
5234971
3170885
5409887
3042545
5386891
2899242
5271399
3095195
2891255
83660694
2992797
34573287
79091319
14555252
27655021
27895410
5215441
5212449
2920257
5194471
5289623
84158867
572559
3070243
3135132
5230268
27849083
5329224
84132385
651579
2854332
23007750
2785302
2939787
16697164
2801232
11890302
583561
45584894
63480141
5319256
14307211
5293223
99313902
81934334
950716
3115355
14396108
5168056
597646
5213888
14032102
85871638
7635837
2970275
20809541
5272321
4754641
50155709
5336919
32115135
935979
3191427
7700187
21035239
5302179
3195477
9927398
88649492
3214153
20932437
34279121
14170478
4253227
2818872
3230331
3125997
32342228
5057896
3236630
3054065
16439135
2893483
36856028
989574
3130543
9790306
16501775
5370061
3035818
3185398
25643427
3174958
1062790
7777431
9802996
8386776
6593096
34490622
9902109
3189065
5315341
3040363
3063403
746866
7383342
5078776
11781717
5260936
5256863
2955087
3022700
25363324
782867
2993832
9677671
34577606
23178503
5361556
5261903
5242374
27872258
3156756
5289803
3079917
18822833
18771938
21028130
3165260
5309873
5268271
5289151
18812033
3151040
23118450
3106693
18578371
5082713
5453896
2944962
101571601
12053878
30188524
5233464
70047227
2389144
2765367
7533665
2827760
2929100
81840171
441473
2944197
21044330
2956347
11958319
11925875
2786877
2726892
721689
2744330
18562778
16513722
2925005
5273244
5139503
2800534
2893257
49962074
5168686
5101928
5172781
5234003
5146411
3115895
2873862
16293289
38918988
16308206
2816127
20851954
5269283
2949012
52410033
3156597
3159770
5312641
3151333
2874875
5364999
3133422
34378616
3157408
5352443
3306831
2956505
18701378
5244151
5279543
5438506
5340068
18906916
3063088
34529614
61321781
794026
3095420
54814859
5310908
5305329
934044
30287075
5296351
52647656
5350486
758297
48126274
5389614
5338696
5315903
5341193
5259608
5258506
3165080
2982740
18743656
5411686
5347156
3281495
3158398
5466811
3047585
3351448
5446764
5521172
18892066
3402568
3119203
5425568
3271550
21088857
5259361
5290389
30089052
12024245
36926678
722498
5163398
20824099
5235601
5216049
5180724
21161037
5421047
12124933
9816339
37767527
5323351
3152660
3088760
81913769
421493
5194089
12101982
5202503
18646770
5371187
5265999
752401
5087101
7377222
14242231
5183266
717549
9865141
81523370
757441
5565722
3164968
16575035
3120868
16261429
2793784
66185883
3231432
3391813
5653179
50165070
2919650
75092478
5339821
12166670
5244849
5091938
2901808
5258281
34510422
3111350
3014398
5230313
3103812
2973965
5415736
3156913
5332307
2939517
3235843
3278863
3067835
2984495
7520637
7669093
14211338
2847627
16287237
590536
3232063
5383719
7419274
34553463
5432566
838532
7537355
16424734
3160198
3179998
5349879
3240658
5365314
3053772
3263990
5422577
5332014
14440502
5230359
1002556
3215638
12102477
9734191
32307915
5221111
4224382
14084393
14400338
2779384
16467777
2936502
34490306
709876
7605124
2944850
16484494
520089
3031880
3037842
2833948
7515935
29950834
12357943
5562414
63514634
11949972
3253798
5175751
3199797
2099140
7717356
34365049
12153013
7683718
48141281
2921674
16437604
7557627
5295429
3029134
3001752
14202653
5123686
5108790
5157503
824986
5510371
7790615
1078404
5594792
3385850
3173541
5563247
3124827
3106873
5437111
5297476
18912113
5312798
32312213
5282536
3151108
2773782
3291080
34584627
5281861
3253123
3115805
4582808
5045431
3135155
3181663
14469256
5240461
27976208
5354447
5321641
5303866
28027013
7702415
908079
5212381
5381649
18915466
2938888
3264058
687669
5113651
18923251
5317096
5327559
32247615
14583107
3047202
27935686
63347998
13912785
859569
5189139
27742028
3017705
2982763
2687765
7426452
2815677
2733237
2935984
3164315
5179014
4968864
2701242
3160985
3120508
3085722
5274796
32241721
3280933
50421435
45871252
3200945
1003097
5356269
12193625
63832605
5446179
3235303
3386008
3038990
7806230
3229093
7634487
7357827
32113245
3010820
646291
7440335
2960217
2924105
5304812
30159297
2947887
702384
3254991
14623607
5392224
50385660
3233930
927362
5342161
7648348
14479089
5137028
2962490
5177236
27929813
5258776
5230561
2957900
7457187
30013991
7706375
5237536
5291897
3121902
3025872
2987083
5490729
66146103
3282035
3116165
5190264
5093490
18876428
3075305
688186
34397044
3108200
17888384
5298961
23254485
855226
7534834
5255198
5230291
5390672
5267754
3204680
3167083
3183418
5321843
3098300
5157390
3151017
2955268
34608004
2993247
1734685
2880207
5407389
16680335
2939855
27940613
5391346
3117178
887987
3241625
34657279
3355701
3006478
5472976
3131870
2948720
5396837
3246935
72862094
7927843
5566261
5122606
18582128
48283392
5128208
867511
2818805
20969696
5393753
52376306
3315065
5455066
3362676
3186636
99802310
18171727
88671317
18886756
27690030
810879
5591102
3351493
3008997
7753670
25717294
850434
5536809
3174756
3308765
23373825
3259446
3235933
18744420
18840901
23181428
3780884
2992595
29787664
2795945
2728489
2103484
7654895
10009952
3323818
3137157
5283346
16366909
3145235
16519595
3180088
16634794
3173315
5452501
2533055
2818287
14047043
2981210
9690969
581018
2893662
7370809
9582743
675181
2831022
7521042
47682482
5075626
32258663
5146928
98105403
47920421
2904350
16656574
3110743
52395813
5218794
104699016
12143900
77387617
14486851
9951564
5488524
11921442
16588624
877952
935214
18792931
3243223
3314751
9515108
5133181
870842
3113150
34513458
23328398
5284313
1036464
5370737
18833138
5457249
7535487
29979139
5410877
14379526
5317029
14475804
5507154
9777863
2980625
3198943
3177230
9609069
5239381
3161368
5366933
21001647
3157768
19042434
790899
18816600
149449136
5666455
23126348
115135905
5269666
34413086
3263878
5327019
3076700
3133647
16592854
3224008
16443612
5412497
5345671
5262084
5291807
20825539
5296508
3095623
5105078
5459117
5358181
23568991
46050105
5352197
5419426
5135386
5381851
20863811
5109016
2847694
2911819
784419
5147603
84259983
45876945
5427706
5455853
3564681
61250230
5476532
8315946
858736
7677553
3088063
18940891
5290839
5273896
5114753
5261678
5137996
5457249
5090116
3075125
101598849
16863013
2994620
27778635
5278509
5185044
2919425
5275359
11916042
5277767
32160878
5286564
5467171
6323365
901982
2992550
902319
36606412
3292993
874464
29799251
3210913
3267950
3206322
5223676
5263771
3198897
3073302
5346211
966984
2993158
1064702
3157475
5434906
16593777
45548917
111140597
559711
27728573
5299479
3126200
590783
644289
3106468
5135184
3073865
3211497
27771638
16571007
2996150
3041960
5225881
3056765
2975450
5071981
3027965
45538521
721374
3111350
34510534
3165103
23346241
2939765
63742874
5110838
5490976
12094984
34734994
3182158
3050060
5251418
3106692
5238729
2933217
3028843
2972142
5327604
45766808
5063566
5128523
2957809
2842025
32279790
48051888
5187991
19224774
40283053
729474
5372581
21050404
3006365
5423521
2997679
3087725
2425459
21679416
3188705
54827819
3229633
5354109
14328743
7649450
5411303
3119675
3072380
3249478
991441
7533665
5321214
45051126
5385136
5433939
5283369
5504454
5347921
3273575
3067430
27772988
50300879
5319616
5476891
3219845
12189147
5304361
63568251
22420319
19056473
2177351
3109010
18984541
63664439
5387386
32464088
45820492
12180552
5528034
48135386
5408469
16585812
5359306
12135598
5303933
16587545
5304946
5267168
866994
7665695
47911578
28124506
32113650
29000478
2864097
63471838
5235938
8240436
2898207
3231838
45393014
2839235
2808702
5241361
26573173
2644789
2838110
2821010
18537285
2767820
2896250
2908198
9654990
3196940
835562
47648620
2799883
5456821
2797362
5468229
2502341
3341098
63670311
5430878
5230201
6767111
3302128
36627540
992027
2127019
3240320
21092119
7783077
866769
2695954
32327783
16547945
5289151
30013609
5410359
9482101
5321191
613846
7650778
36614534
778861
7350559
23335531
2889320
5358159
27740318
2926805
7339039
20879831
648248
7516115
47988281
7492805
50401949
7425957
7418464
4977436
3111261
2881085
3879164
3087815
7523135
4178414
2911482
20889687
18540143
5356268
24383830
34381654
5381693
5260509
5275133
58901541
5421541
46056405
750782
3125548
5275516
3258612
3348546
5505039
3047675
24304540
3226933
50322030
5435739
18885158
3220003
5304181
2948112
21341870
18681781
7556232
2964133
3226100
4432912
32303572
3091978
731926
63587691
50177872
63213246
3053233
3186343
530078
3064910
3032262
5124856
3185555
4307879
3039958
36715560
63807967
2873750
2818129
3056113
7527927
3074810
3113150
5257944
2969982
3184476
5325421
5197081
5242801
5485329
2949957
5274436
3135312
3065225
2953467
2989062
7480812
2953872
757172
18701423
2952027
2948787
2958552
3006815
3016693
878356
5264603
18711323
3050915
7361292
465323
2787890
2975495
5485779
3155270
3125097
5449576
5499617
18816174
3253820
12251788
5416186
50440155
3227653
5399086
63783104
3185286
16639880
3257173
3199730
1005010
3217370
3235393
7875666
3337542
54604912
5330438
50346689
5308051
5341554
988157
34680116
3250626
27942750
5251688
5330169
5319323
5285169
3139228
48155501
14436316
18795338
72215623
5417559
32141415
5311178
5324723
54812520
30194172
5414049
32395013
7724847
5294754
5187001
3173765
7461733
5255626
5280062
54607859
63853507
5122584
18598531
5117183
5285551
5136983
2893099
3142400
18771039
5438686
36809566
999159
38928641
5269306
5277766
21080825
5329426
3012012
3013340
3031723
3118258
7560507
30040834
5268271
5261768
3107637
2864479
18703830
5088360
5126363
5028151
2953917
2862409
21000296
3014533
36730702
1017947
7476762
20028813
5525042
41287500
5279611
892374
63732727
5469061
32164545
5275043
32440283
5355324
32283660
5421609
32182635
5414229
50332020
5329629
32415488
5315612
5439092
5335389
5359172
5450341
5521239
806266
46011068
9002310
7412907
5190713
3009289
5231708
5175436
72570224
5393821
5469512
3218518
3206300
34653251
3276366
3078928
3261537
5461456
5282019
3198673
3096230
52596896
3175026
5516694
34171818
5125868
5573507
5603184
3182360
5133158
5286114
2967327
2886800
20939547
5150056
50230207
7487067
5292054
2850890
3182855
7750790
5149583
5435289
2913238
3068510
5447844
5159371
4957208
32148278
2807892
14377434
16562997
3017030
897661
27833670
5435648
707289
25721660
30017951
3487596
919869
54242144
1164219
63489928
5148413
5028421
5305667
5229436
5391842
5308164
5201536
5400548
63673889
5287463
604801
5253489
4963688
54820845
5239359
5284516
5164095
5312619
5131899
5337256
2127918
2994755
2966112
2828029
7604788
50261595
10063817
63799394
45759135
7377852
63376618
70406800
45844410
5220796
5294394
712801
45832462
5202706
32375145
34260919
2927143
5223608
5190601
36622095
3161503
5354671
3069815
5354963
3222837
3093822
3196580
9197632
3290608
5603724
7535960
101523203
99248899
763719
7709548
30414177
10079882
5556340
45563069
507691
7660520
5302088
7664615
841974
3128136
34449042
2935512
2760934
4939501
27734671
2928965
5339326
3162268
27566640
4254397
16676667
2956325
50280698
3206660
3238790
3237665
2892582
1014100
2922665
16685285
5522364
32396971
23482433
27972518
11984757
14256045
14243445
2695932
2909727
32324767
7852963
66018167
5209591
32312055
7696812
30006612
7745975
48196384
5339484
18795000
5345041
5395846
5387566
18830821
5167561
5390559
18921406
7566627
5311831
34515236
5360656
5346413
18734610
7612843
48215217
45943725
5120221
921421
45641009
5344457
18720975
28755339
2931327
14287839
5164411
5393799
3030283
43086512
5261206
5314869
18651271
5107306
5196879
2998130
5297364
5349564
744009
7679015
16305664
5116711
52419889
3233052
3432831
7388607
18625733
27805478
37533302
16688750
2889995
5357731
7583525
13941967
650881
18726083
5364391
13944240
833739
18639818
18830123
20871461
16393932
4774418
7665425
3225920
653851
804624
5256437
50328217
5305058
5253601
14641314
2326886
32273671
14134006
3108628
9776019
12111905
14376398
5294709
14470741
3149285
50179582
5348889
5950382
11922994
551543
5494756
45460694
512776
5393034
9623446
63403933
544749
5429911
5378318
3067880
3230465
5046758
860199
2663892
7467942
14115893
14084213
5277113
52484351
3039912
9721951
7456085
833537
5409482
11868455
2942645
1092377
2920257
11908595
3098592
3054110
3105613
12137082
7799413
5191636
1098947
5622759
5175864
3155382
3341773
14731764
2967260
7750880
18728311
3314121
3358873
3177951
5456664
9726563
889966
3256902
5330282
3385851
3228508
2140001
3150298
83762799
829824
5645979
32240527
5478264
5537867
5456507
3361978
3295648
3064392
5548757
3219238
3119067
5476419
34673412
3209877
3128023
3431323
5478467
7534744
16728035
5345131
27991891
800507
5426537
5434569
50102857
776612
5493992
32274863
5368868
5347876
5473584
3332413
3077533
36945398
5466654
5291267
5426221
5439496
27815873
63736147
63831682
18729165
5378477
5450274
45858720
5298961
5144274
5111333
5313878
18695685
5252836
5203741
5265347
5231416
5337143
5281343
5280399
50330692
33585895
3211228
3072942
18717195
5298714
29822111
63631544
5377689
5358541
5465461
5099048
5360251
5335636
5290231
5454841
5345806
5362433
5461322
5338561
5376699
5302921
5347157
5382527
5307152
5220706
5420912
5350778
5315431
50082719
5594116
5376474
36980588
41068957
14404096
5418504
50277007
5653764
5479366
3155225
5407388
30005914
5404059
5554696
3139588
5456462
90741658
1786930
7576573
3060770
2585435
5057243
16704545
3027245
2869002
2262964
3005713
594271
5259068
14488088
7803598
933189
5449464
5436369
3177028
6153153
756361
18926333
5452568
5457451
3119000
7703292
7524080
27650858
32358045
7598667
2107646
7505225
2873772
3186050
3220115
14337946
3242345
5378026
3251097
3192372
3247295
3277513
5392853
2850957
3031880
5226083
21224037
18881964
11969480
5217286
16346321
5256369
14061330
45549412
5065028
30136887
16321594
5661122
3159702
3334393
7817526
2999930
5415534
7420895
958479
5553684
5490594
18943141
3207133
14009873
7163922
5173974
819542
5280376
29871702
52260116
3084845
18864976
18962379
7425349
7504167
2932024
3648741
32093850
3247273
2923070
4636695
3087905
20937815
5719059
1111119
5424938
3022115
17828422
18823823
2634327
18804361
2113586
14548254
29902054
47971001
5274841
3169198
3255576
11879075
9145973
27662738
7438489
12114065
9756938
9636203
9937029
5271354
16418074
3184746
3114478
3174845
9483991
2751237
1032527
7804476
7538367
12189980
7628457
16607862
3255890
5293539
870054
9803559
67927746
3182540
2905407
3033118
637539
2740504
5340744
5206396
14404209
63489996
3177748
3084305
5469511
20975142
782191
3310768
34541944
21060777
5499616
1117375
20983534
3294455
5060123
14473756
2858900
7679533
5099453
984489
27764123
5404329
5123213
1039704
27609908
2940507
5309019
3045222
9669548
27757575
27884431
3172010
3104353
5501753
14338283
5549184
6264055
16549272
5442489
50034637
5309334
86415216
3415236
7747933
23267086
3276140
3477651
9726069
21028287
52647318
9552728
10079207
7331142
12078020
45528329
9958314
88639659
3305908
27702270
104447466
23457594
9908229
27646290
5354784
32176020
5354131
14080028
16368709
2982448
14314636
5165220
27521887
9882083
45530917
1497850
5381717
3018492
9783736
7661690
30127774
66220353
7133254
9885413
897707
14487931
5691159
7642767
18850104
3142963
9942204
27909180
39248164
16680919
27781020
28029691
3353428
3189403
5297589
5422419
3328408
3034940
3249298
7925705
18858316
10072367
3405178
21130212
5639140
3248645
23466548
3234425
11896017
32158335
12352902
25568861
3217190
872304
21142587
5507739
3336508
5380321
9893806
3108988
3327035
7914815
7884260
11994365
8057691
26863244
3245247
5437494
1341295
5174019
47948569
11910124
16599537
3296210
5481639
27844696
63791947
12004489
12087132
5599854
27786938
3262753
1091860
19963900
3189830
5520902
74899990
3141613
5462492
5573507
3549673
5374381
18655748
5554202
992049
3098885
34737514
3198403
21874379
3299721
3326495
5558319
3214535
3365443
21212832
5597469
2974257
34703945
3227833
18962198
3158307
7740417
3262213
23450078
3364745
21234455
5487242
3106220
7697150
50511413
3434270
3233075
25452537
3220205
992589
5491269
9985044
969662
3065045
3124895
3220070
16663730
3237980
5481684
32413575
5637069
36994786
5564641
5328616
21213575
3252088
5582574
6835511
8092925
16735910
3256003
3331805
962327
5482134
7850893
32313292
876984
5457046
5354986
890034
5335682
3056810
3271438
5471424
5415083
19025333
5235309
2643935
7694248
21055760
952629
7753333
3240073
18988096
3244483
3324516
3219575
5314103
7737875
980889
5455674
65857090
9856546
45968835
7629987
23098830
872192
5176786
5268901
7481532
9830626
16382389
9968597
902364
2861308
7616510
2804225
1736913
5437561
5157166
16666430
3242727
34383071
5199646
50120834
5213979
3407315
983612
7939925
50460945
5708597
37022573
18906534
825369
3246170
7814330
5275134
14353921
906931
7460697
3033478
18825376
36470715
803184
18749596
18815700
2821054
2709746
5294034
3414494
5333162
7718660
3168657
25836544
66046495
23240760
5283391
3339726
3223941
18854468
3125997
956544
3016715
3007872
5346909
29882118
5316669
3239623
3080998
7647470
5241046
5278014
5232069
5310661
3225403
5355504
3184116
5453852
3135830
3127820
7605485
3126447
54595484
3241040
3184296
3070423
32427683
2990637
7629807
3039260
3000110
2979905
854709
3148700
34558796
5232384
50326170
5300806
5215666
18846188
5335231
5366101
941379
3193543
16358134
3075102
7590769
16527469
30131644
3229002
3009492
2909390
21036949
18685088
50261145
5161801
34476018
3007918
21024282
7688938
18713506
3127437
753752
3183192
7634397
9619193
904277
3039890
16268111
7817840
19411727
1077189
3211160
9680866
27645233
949119
3238812
3237778
9886066
1029962
5149089
5425119
16454525
3125098
7515350
3119000
7623980
3166633
25431252
3196512
30127639
5282041
739351
20875602
5199894
2980692
23386696
3079850
3105882
7293296
2915464
36584677
27740115
3145595
3050847
3077870
14235009
7478044
5335411
14092403
16560972
2965820
18813811
18867159
21053554
6401643
5145015
5059178
23338703
50375512
5027701
32197125
65872232
3222320
34674806
3090560
70425835
25274921
5198341
5550174
2756974
16543490
5503216
7752906
3285680
5259496
5236028
3291463
83576813
3220678
18849293
5516109
4523340
36683452
10002144
95400584
682201
7739383
12262835
9658208
3156283
2934477
7673390
7691210
36703139
3183305
16697907
3175903
16479319
3208235
16475517
799404
7706555
3224413
3036763
7516992
34678385
3337926
7716387
32145330
5192064
16532014
3155698
3454768
5502361
3314436
3416270
5513522
3474883
3070085
5468071
3230645
14370076
5370332
5625190
5159844
5415804
3253910
5410201
1005707
5323396
18850800
5395779
93182282
1083962
3295355
20861426
5138671
99914046
16732760
39032006
21042462
5490571
3286400
21026329
5376496
3084215
3232130
7674740
16704725
66058690
3243516
2669180
5395621
2897127
2894000
7416035
2968182
5332081
3175880
2916410
3286738
5309423
3124783
3079490
101513573
50255745
5014201
5295969
1075569
3204230
34610929
3110427
18660878
7516857
63826147
3177950
5803277
7884935
3340760
37029705
943944
3182315
3192958
5340677
3301093
3351403
5578411
5526549
50463689
5385226
34667899
3225380
5334579
3076160
3064640
3038788
5297228
7551643
3235617
18859913
3187850
3275015
1009284
3262933
3144425
5543919
3011450
5245253
2976574
23257051
2868890
3087590
7657797
18549908
3185623
34411376
3041937
3329533
14361638
1118386
3299631
21088699
16371995
700988
3215368
5368374
3144538
3157408
5544099
7704395
3154527
1069652
5534266
6623111
3062030
3232693
16685622
875814
3383331
5553954
84189985
12264972
48037736
5545315
3243042
3143098
6693784
3015568
9818251
54791594
5247683
14250578
5207251
32086447
5217241
5255198
18820425
27914985
5284067
5288612
18578415
32235691
3222770
3081268
2862994
9670088
27798166
3133107
5366416
2969915
2986902
9813661
34433966
5276979
32317860
5387094
5344883
18553553
45891818
2395849
5265728
3138350
2961410
34541652
63797752
5246289
99911278
32117790
9820703
27522540
20963577
774294
27436545
132986737
728439
7578125
5332396
16554335
5375551
2923588
16354040
27745920
5042619
757464
5250811
45733147
694194
5270499
2946065
2986700
2251444
7461912
18791063
5329404
5396679
18850306
5635742
50326867
5536764
3090155
3289303
5617854
6125455
786399
2795269
18783931
3117357
3259355
5392876
32513543
5516221
32452433
5568309
7810460
32514645
5396747
3251143
3106220
5369161
5438011
5389974
99956593
26371348
5343827
5371187
987189
16170641
2996488
5267596
32379173
63550544
72662293
18429893
5271286
5119028
3221893
7620065
5435334
5380051
833514
5477746
3110833
3114500
5242778
3047293
2942982
5391841
85808592
5408941
5176853
2865065
7428342
56340744
16387609
5337729
746101
5248066
18827333
3988716
5224036
7438039
5337166
3149173
5420642
7595855
2861757
5383224
5190556
6332073
34673457
5466496
24699888
16843865
5084334
7606115
2740639
5187676
3090290
4957613
2698677
5082758
50149027
5252611
5141259
18634576
2926895
7356589
36655508
2897173
604306
25338394
29752609
2864007
5071374
899552
5507469
34460943
45671969
4538640
50328374
61470122
987369
7710020
21167247
556269
137532802
3638008
3169423
45595087
717886
7648122
21083345
952719
7553982
5342094
14448061
591008
3254000
5472279
14391226
27731791
5697145
32425253
5717372
108437532
54805544
63564651
7782606
29977024
4885995
790358
12158705
7615632
12169752
7738820
14367510
5357123
9862914
16517074
3075958
16563875
3170751
38935346
5210199
3456029
23402356
32173028
2731212
3232017
9706718
12630936
3052265
12066769
25465339
12138702
5315836
6760024
7474400
592538
63819037
45620287
5160901
3224525
3209428
21983683
3079332
12079460
18881198
3058003
5158066
3221533
2998647
34389214
5272051
14219326
61519218
801271
7601367
21058167
3196580
3117605
2875820
914221
5086134
7605598
2998670
5474327
16442779
3061670
7377154
16547157
2892605
5308771
3148295
5418751
2951127
3282081
3228373
5504251
3154572
5312236
5153454
12203862
16379375
5383583
18668303
2924060
5282558
20931761
5175549
34476874
2796979
43893297
52530881
3196265
16541689
3079603
27818731
27754830
5190624
3067362
2974325
34628276
3085858
45777224
5264739
32166075
5147603
14242051
3073145
5471536
3252987
3038472
5544481
7678566
3201080
2992280
81958184
757059
7606453
27805027
5257291
765069
5320696
3080210
829711
18845153
2977632
7515440
2998737
9764026
7423865
1038196
5272028
9788843
14167193
5225386
751073
5285664
7575132
14138416
28014436
769163
3259333
21126207
969166
7845110
135463496
28049783
5453626
14391069
858962
7750745
5375394
14332636
30164696
2601926
3138823
3185713
63640791
63557608
5385496
852031
25465834
30086262
5452141
32278193
3237058
3205468
3005577
2994912
2955560
9830109
5335839
3175340
5401268
3282597
3001482
5201806
3086307
3027290
7386672
18797341
3089570
5289466
3034198
2908400
34515956
3105613
16315316
700043
20970755
3182495
3009042
32143485
5221539
3057147
5241294
35760186
14396536
7735513
16451780
3017682
2971220
5223046
3221060
7509297
7466344
5188419
2940350
3317721
34498271
63670671
93279842
1036486
7676135
30312972
3205558
3145213
5443457
34209956
3282958
27929025
5082421
3294185
2805124
5106383
3212420
5286699
3052917
5106159
674619
5439181
36864150
3253168
5257561
3005555
81170840
77388787
21091557
5289939
5161711
2805125
2860182
2824835
7235382
27680895
5079901
2945997
2986767
36597232
3062930
48088361
32492325
3216155
32347718
5506592
18945795
3268512
7669430
5214249
4917316
36837802
5431779
45725205
823569
5587997
5434817
32149650
751794
5659524
32399940
5540206
16665844
3188637
18866259
3221916
3140758
5404284
3275960
5365673
3204771
3104015
7572455
18902618
7516947
36922628
36657330
3218248
18812573
7630010
5437426
2955245
3191428
45968835
18990076
3150995
27982711
5429101
16269259
5282851
45779812
544299
5208241
32238660
5307871
5604939
5508301
5243971
5210064
32182342
5649422
5312101
32433196
3223288
34786159
733434
5610272
5298758
7651272
3068803
7593492
3251750
5322227
5466834
7735175
3327373
3001167
5409391
5319436
3082865
3150343
21138065
5197328
3105703
34573016
3183440
2811875
5054273
2880455
2903900
5376564
3243425
5465439
3170098
5402641
32159100
45910245
2958238
2967508
5004008
23444948
31923075
3153943
5261296
2998715
26028222
7602448
5476307
5347449
5346819
5354019
5349249
3210148
5415354
3217213
3309575
2967013
30146765
52698371
3024950
21208175
16589547
63628349
5439136
32184997
5289353
14442999
9589809
3134345
18599880
7661667
7591062
12113547
12233293
2997117
14190458
2972997
777692
4968323
7478382
11898627
129019778
102163285
18933038
5334602
14194036
5152328
14165776
21046985
14102573
27975263
780707
3035502
14357746
12228297
5144858
11991439
5318446
72882659
5496084
99893391
63543276
12303898
3196963
14407089
11992633
3230061
14319316
818597
5528979
7514675
2963233
2885945
11996344
7531100
2867809
16295674
45494287
12026202
3377931
2917130
2967170
7390070
11875519
629708
7437657
7342145
32188261
5114483
14032395
7505720
5263568
3201530
3123231
12069042
5209433
12125832
11937912
7694405
7716163
3250671
3207313
3067925
14303453
5302089
840984
3840239
5358473
3057080
7654175
5637115
41842958
920567
2994754
3165170
5400122
5342567
5138109
2847222
7529952
5059583
2933532
3026547
30033657
5244534
755664
5051843
68114902
5298466
3319296
731454
5193481
4918418
18982674
3004610
11970627
2933780
2855097
63620969
5265548
5223946
3050712
5390041
29879576
5279228
3050870
2924825
29716069
7483219
11757349
7541202
7491049
11947565
5336671
14204543
29849268
7597902
12037430
27830858
7703315
29922799
7607825
27716467
5308164
5336109
18816646
1036891
63635819
5307106
5308006
3219507
3321298
14201955
5481504
9831391
12134269
5060011
21175729
3274093
5322653
14468806
5289826
14408483
5355527
14242389
5570109
12011015
12067287
5429889
14379683
5328616
21117095
3358423
5794322
7335215
3409385
3403716
5504139
14266778
5221539
12164555
14288288
2969735
14294273
5328548
5396206
5451511
5373121
5381626
7632058
27810225
63871800
50426182
3332503
866207
50350605
5208488
32490683
5547227
5039940
5087753
5519011
5383899
32343218
5629262
46023533
45618847
32355683
5213619
50321197
3117583
877636
20817012
3239690
2885360
749836
23151233
2933195
2959160
828586
5125508
870774
5062756
2944153
18688373
5247571
5249641
88199514
27584820
113363375
895186
3167667
16497927
3164293
525353
14041597
5355976
31959862
5280602
68241621
5471874
9779213
14244818
5272142
14257485
7774505
5163016
16578275
7438355
8820149
7496225
50361719
5301863
50034479
43367494
11835042
9865276
20966749
52478321
93121239
833716
5210941
703959
27580928
81309620
9687030
27803116
5259698
14231250
5272187
14176711
27465570
4937679
90892610
5326029
45777404
3008547
2927660
4993928
7463285
20881271
4968548
5472166
18733328
18952096
5415039
101660093
117302547
12294853
97626444
102121861
115738771
3067430
5268203
5220684
5273423
5603702
18884979
3053143
12127115
41285655
3134547
5442286
3109213
9828511
9986867
896131
5293516
23484189
1007484
3232400
16555594
917147
14353831
735144
5233171
23161785
919441
5272681
9553065
23028720
950019
18629243
79833686
11992744
9667883
3364745
2850687
2717374
808877
7366152
2942352
724411
7473050
3061918
2951083
5270296
9830851
9634290
5296599
10083887
3151085
3022137
27920835
5361759
50108616
5194359
14216760
27835336
5375484
85978671
5288904
14219551
9664936
27804285
7429849
5321484
5124698
2669741
2949057
3118122
5216881
7393917
29937289
2779272
5281141
2769125
5560794
5218771
1273052
27930646
5339348
5671067
36600292
9972399
27822128
5380637
5387476
3058992
45950925
45822135
81749788
3244213
34697712
63813727
5536157
5368688
18856043
45866595
5406984
5493564
54695631
63494002
5263052
32261115
62836010
27849600
5164433
2989558
2862185
63582223
2716024
11972112
23021160
3077127
7471633
7358524
14048573
7346892
5047388
13974751
2957832
832299
2951735
14336034
5431824
67860223
27826380
2759877
794477
5256233
13938098
5148278
843032
7488710
11829237
45863355
9940516
5192716
2328282
2970792
5256391
14156843
27869468
3143953
34288054
108407945
5359779
2905632
94827934
105968108
27769208
2960465
5099475
3094970
3227000
3098120
2992933
16461927
2805822
12080855
70636075
725964
30139227
18972549
5356022
5499054
5104628
5261161
5205091
2797317
911499
19074023
5084559
5478174
5305127
5192558
755034
7671702
3030620
2892335
7673345
5103458
5195124
867714
18582893
18858270
3231702
3091280
2924645
2917850
7803935
3068420
18656063
9610869
969662
3294501
7632395
788266
5398456
79117982
83867560
7452575
14490991
5386666
825954
7401477
5460512
21051304
3240162
27506880
95507841
16622127
7171369
45273134
787772
2924915
7449132
3354711
7802315
5403902
7345182
7287402
898269
20843539
5024078
3245518
74836292
5435198
3080975
2963277
18882188
7526758
2978307
3038202
5320921
34501354
3083540
21000206
34644702
20955476
3145371
5379961
23261235
3158015
3216493
21199872
16741333
75257560
1334477
993534
27510074
976884
32308590
7643127
5502924
2987690
3054088
5466632
29982806
2926444
1050370
7843670
30130497
5398502
32254208
3245788
5392246
3090155
5348933
3283228
3059015
5148390
69087555
5078258
3135943
5284831
2954727
5311112
3108471
5271038
7479530
36650288
3196355
16556157
2909929
28117755
1159922
7391038
2887047
2845782
2987982
5196181
2709072
9687413
2931215
5188036
2908962
11934919
2982988
3122757
3109798
16563559
3222051
5279184
3081988
3183260
52358958
3194353
34467401
3052580
2969690
5260823
3077150
3306920
2921990
5118151
7674065
1101804
3173562
27700110
3271460
2937267
5395553
4082609
3283633
5195191
2892042
5811062
2871432
34458694
3214581
3133490
5464224
2687224
5171678
3089412
2989670
3231320
5277811
2890219
87169597
756046
5300064
16655922
3153876
34310981
3083765
2960217
5232564
3205378
20997259
5627056
3168837
21136557
3151625
5426603
878626
3227923
2843779
5354694
3255733
2801952
5014695
3185285
2885720
5303844
2958530
72691543
7557965
3046010
34648729
3296931
5410764
3294208
3405740
16686725
3093935
27916223
16770559
3211453
3313063
5634459
3217596
52425446
3313738
3197098
5352736
3155067
3152255
5490302
5423634
50384152
3358805
2882659
5462244
5407433
816864
7354677
3211835
2829605
63999532
45693524
3153493
5404846
2848775
34510714
2772567
3166791
16449867
3930892
5320719
5477072
23106503
681908
18829854
18621907
5168078
23207055
1086009
5121346
5342791
18889974
7338072
29840629
7336812
21297252
3212983
18806768
36668715
52703411
38890098
27554715
5120693
21265235
20955859
7382982
47957905
113582053
4559948
16690797
869919
36792510
7548897
2985080
36615794
7521335
22960927
5218591
2991987
3029383
18626993
3079873
5114551
760119
5148391
25333466
564368
7274892
30025556
3075372
1163072
5403294
18712246
2943208
21029794
819519
7506328
3217753
18971469
2856133
14619646
5493834
16687534
7828843
7784900
7894386
32254883
46049925
3169715
18791063
5343377
52394418
3404638
2950542
16476957
45716407
3270785
5621274
3306898
912511
3125300
3100393
12232370
3118820
1010882
12113952
97603742
29994934
10032047
5436279
67890216
5382684
853336
45821460
5295136
3266353
3081920
21036972
5481639
3227563
5360881
3091933
3050015
27705781
10010874
3168725
16620304
2934095
34279031
2990794
5147738
2801885
29771914
27788400
117350471
27991643
5450971
804872
45935558
3158848
3288943
5396791
63902534
5483484
32371906
5143171
50365275
5407366
2093606
2972975
45684997
5181331
3232040
2983618
27975848
5299322
5237604
2927952
3045268
32524996
3130948
25698440
3218833
3388303
30122307
3195793
5358609
2298109
21132034
7698027
1068347
20800001
938431
7408812
30185037
7513572
47855126
63913919
5491359
5412631
20896324
3114725
3026998
1978586
63747622
50192025
5076143
5119276
2909907
2995857
63777412
45905250
5492912
3177702
3068443
5693455
7358232
16442397
63759051
63671077
3038698
16282849
5133091
50235157
5184976
3014937
2910942
5081071
5262083
3012305
741129
4508895
3022385
27774496
5286721
34389259
2996555
642061
27804397
5142833
5913100
973441
3124985
2848774
7527049
7586000
32178833
5188014
664628
2878092
18582420
7417363
5097608
16406172
5180431
3111620
902567
5276236
32278282
5164973
32675521
7790862
21188104
18861758
2907882
879482
46006208
3097018
7586022
5452119
3205603
115663351
32480490
5397534
914311
3148970
7712113
2931597
7468797
9671843
63862417
3122623
16625255
7687250
7252167
23349211
3036110
2977272
18600038
2826905
63733019
5198971
3261381
3220543
3149195
3147440
5446832
3126808
3311307
3143997
7472420
7653725
2971917
21236389
3147417
9086235
2917310
21117769
5551749
32441903
5234971
27929835
5393776
1148807
5128748
5322046
7514292
3085498
5279656
2680992
2911122
5280826
5207948
32226128
5302134
5274909
5205586
3202138
97704947
50130307
5389141
5133069
18667065
2951712
61450683
3008097
7261527
5202886
9711354
3081492
2801997
5186438
10187994
3202633
3050893
65759372
25490134
7527792
7602493
32439068
3188818
18845513
7559180
27766508
5362456
84163817
910059
21004279
54459112
7849678
5243859
14672386
34551034
3033747
27875026
5221718
5281703
5262353
5259699
5372131
5289061
5366664
5105618
7587259
3052535
902319
1921571
1912323
3147823
45500946
830342
5272231
3064595
3101180
7584403
27538898
5059111
863349
7624362
18823193
3175880
3218877
3188660
5324297
8091396
48114686
5400617
5334106
7787667
3036425
18915983
749409
2907072
34475636
2954704
1782588
5077201
3131217
5453739
3031475
5419673
5135723
2999390
5533636
34536364
2803257
5269554
3078837
9819309
43354240
3046460
5347246
5344726
37026578
3011450
5243971
5107464
2819345
2782895
6812876
65809345
9672361
5300941
5316893
18911663
3208640
9797866
3082662
5344321
3121430
27907808
5401832
583448
41147460
782844
3174980
2139911
2563947
7439547
2909367
589973
766846
5104516
7333212
5494239
3112610
3012530
7613292
3230825
7350830
5352849
50274082
5315454
32332170
5399086
5434546
5493924
5476036
5326704
5341306
5401111
5376226
5283008
32422733
5278216
5308682
5260711
5304204
5252116
50409262
5375686
5388219
5530914
5503914
2472934
2942464
5056950
7620672
5268181
23232773
3134322
52536483
3241266
34645714
3254608
5406849
3286738
3020765
34613179
3235573
5405251
3225155
3151242
34440266
3044053
27797603
16402527
3292228
18845873
25515942
3120058
99470773
46070085
7748203
45881242
45814868
5301774
4964251
3243471
3302938
5680426
7440672
1075547
7765685
7836628
23390859
3393973
3079242
822759
5348506
9790193
3186050
879728
3160670
965206
3224503
7646660
18911191
3151175
3113082
3254923
964711
3024950
48012041
27669533
30043917
28714839
47902803
5171049
30697026
20780831
642173
41562360
2817410
2833452
7752162
3104127
2931080
7346577
18700028
2989400
50998515
2951420
2233579
7530222
541441
3114501
3062187
3285208
3055910
628921
3034445
3125638
5128006
5519619
3196063
6741461
7703495
5145106
2456419
3231320
5453357
3136392
7618085
5296486
3084642
11860984
5262556
867466
5649219
5947908
16563920
3267567
573706
3171695
2112348
3128157
2664230
5397061
66138678
5114686
10985688
5349339
59080776
1115799
9877966
5344434
2400439
5250878
5254681
5337706
3242030
18989693
3120395
2522232
4036642
22785945
23476449
5261633
887964
3077037
17947492
11657426
711812
3073438
18748021
3177545
3106828
2975517
3034535
5240168
3185668
3144988
34629672
12121175
27579803
27881618
21065637
12175895
5414544
9890814
57056133
34620042
90681268
9667163
9910838
3336013
35115493
1994538
14202068
38928236
16554064
9488828
3049700
16462130
9861473
3050555
5327671
36864443
63386001
27428850
81508161
27484515
20714726
7606138
865194
5477972
2104766
5427459
3162065
7564557
18822248
3098772
1057142
3084260
3086465
5263299
3136753
9916194
898427
5352668
1085740
3107862
3219283
982217
14195836
3089435
27583043
7638650
3346656
18857326
54977850
879909
7804678
9829636
3398856
973127
7727638
21203337
854641
18885361
1168719
3065383
5415848
838733
34472599
27602753
21026104
34483061
45488279
9731783
27593932
5311539
18755558
11956159
5364189
38690366
34610322
3357927
14417619
7973360
5516649
7706420
3200226
47988730
36816630
18847629
5581269
7692583
8001171
7783347
7774055
7834580
5477229
32339033
7783371
8556584
45713054
27987233
7835817
7866958
7946023
23417049
3169828
18986453
14753229
3358513
919779
2863174
5239179
19059444
18940306
7816535
7657438
937239
7898908
23225955
103767762
856216
133326398
22275846
18847155
5403248
68344334
6646466
18809378
4962698
5068539
34681107
9487793
3080682
18931396
3299338
34602784
3050848
27752580
16564775
3222185
3121970
7561092
7696137
880966
3020315
83751572
16364389
9822594
11889717
7795115
11694867
7699985
8488341
29860542
18631088
1783848
7822971
27616681
59674440
18780218
3186478
17722042
5341936
5469647
43342878
5315859
5482449
21150260
5474664
5492506
3126628
27835718
16552377
5363491
3171200
2991807
5385609
32144677
7721878
25546969
21698518
3176870
3047720
7906872
45993405
18840474
2954030
18716318
5640985
32291377
5507424
3505956
3071795
12185457
45786247
7757315
32359486
25431409
34447084
5508482
5349271
14532638
2665984
5310751
74860412
786241
7620920
20911287
3173315
1012884
39197292
45692490
3326923
18684210
7456513
1668940
5238008
9885189
3378651
34457884
7709548
5382572
27794903
18933668
7662793
5369027
11815016
27926865
9876032
16581605
3286580
5500089
50326845
21008734
5397961
3149331
9636968
23327408
32493180
7710650
3072020
19003036
5445639
72935692
3032870
7513977
3053300
52339113
53484162
1492405
5436527
12113975
9826059
3053367
16558227
3113330
2991515
5419291
81593796
20788212
3083607
5366101
3212826
6057370
1088755
3102800
3082213
7794035
828159
5420574
50304007
21168237
21023180
1562516
821972
3112902
5405161
3168793
3074023
16588489
2884167
63640972
3089345
3209136
31061976
3165170
5585612
1023166
5539824
3175273
3275308
897549
3048935
4235025
2928492
3097805
3057935
11516149
919171
3076970
3144920
3142085
3393681
7409487
1090667
3365983
23532226
5380343
5386509
2903360
5229976
3123950
3237170
3165531
1079575
7415044
56974841
52239843
3113285
21171094
7801438
941852
18844163
2912765
7476447
5468432
18872581
3085340
2891434
36771090
5401066
3040767
3185713
3040633
18307853
7558122
618121
53863108
18745973
3138643
20974017
3084688
3149038
3135470
858376
3145910
3076408
3283092
3069770
809394
14267476
5228018
2960937
3004249
5284674
99714200
5188621
54888142
3192778
212342949
2703582
3462981
2613515
19041691
7503065
7701763
23383568
875004
7660813
48003535
66077140
4841761
7420287
39194321
3313648
17026588
3184498
3362721
7907728
1132180
3394670
7722598
7722192
7536545
3517363
19118168
3230556
7778870
7805286
61379763
3932219
211722533
27983093
3182855
5573372
5425883
5494171
880022
34742824
21145962
843909
5372851
7636288
5387814
3243403
5345784
32425568
5472121
32223405
5290051
3252718
2797318
5333431
32251035
3223963
16613510
5459341
5367542
3227788
7361495
7424293
18595830
2945750
7508960
5307489
734536
5327176
3040813
3119607
5285236
7619075
2927975
63746136
5222034
14475489
63539699
5398434
32133427
5122133
32070359
9765669
7315054
47985716
23092958
32141662
5255221
97672052
2872378
2911640
2828615
2860205
2834307
5025833
661164
5175436
18560348
2957652
3168748
63583732
3067902
106384673
2885428
3040205
2823192
5315408
854979
2984338
696534
5253556
2736229
2950205
5259698
34428387
2942397
737844
7511120
898381
3044548
7310689
18712966
3132365
7783348
18669068
2927502
21051169
2963300
5121976
2845377
18884821
3223738
70693203
24483910
2828862
1001454
7735040
3178422
3225043
5213663
2867292
3064640
5205429
2697710
3041892
3419353
5506772
52523816
2897127
47873981
4836046
18722708
2892830
3187536
2891209
3057350
3341188
3145078
21008285
5360724
3042365
2992347
3040273
3032128
5474709
5335973
3127055
3152480
44298432
3035187
70359460
2925320
5057919
5234836
25682149
2831787
10051779
5349541
18993878
3181753
2899962
7374027
18181109
3112813
3179525
3151535
2866842
28024268
7730202
18896318
18994216
2819053
7842658
5427548
5460287
2858157
3469528
5049864
2795719
3269143
3325123
5129918
2865965
3169895
2843352
18683423
2946695
34334538
2710332
2716452
3021957
2852780
819519
3088738
34484254
3124580
9953228
2895170
5518066
762436
45696697
1031289
6586481
3175430
7547007
3106220
7683965
7640877
1058806
3293083
7591535
18897759
3170706
7645715
18847831
7807243
3095960
18946336
2866145
1070911
7258017
4996381
5087933
18826500
18877036
18718433
18968341
21118265
7542643
1001050
27697140
927362
3049318
5670842
43216698
853877
7819033
3100842
18978286
3049948
3070760
5263186
81546501
3106647
5248133
3369200
3008570
7568000
18879983
3007647
7539785
3033050
7646727
2954323
7642813
2975945
3116503
3052175
3170076
16581605
19115514
3244888
3167150
2986272
813286
5437066
5251576
63433611
1257573
3040452
52414555
2902415
3008480
788131
3109663
16482132
41178802
3276658
915032
5417041
5278014
730441
5225229
25587582
3190528
769411
832276
7496180
7713147
3006545
3321028
3069635
5211908
2841103
2877283
16421674
3045853
2889882
2849652
2945435
714016
7478382
2984023
3037325
7538143
3124198
824334
28054463
3198785
3115198
5438574
2887137
23540528
3357973
3196917
5465912
3136416
5387499
3217213
18600105
3012733
949839
5404217
21066177
3278795
3230083
7818673
3112633
5275809
2985079
800101
3141140
1008182
7823060
3077960
7541023
18728828
770806
3354620
3066913
3011923
3317383
29942599
552916
3031250
3141095
5751550
3149330
7678317
2882548
5556474
3273080
3092562
5600035
3087500
3311465
5583384
2958912
7523225
3215211
4002779
3032487
2992685
25542784
976997
2984472
5634437
3347510
7560373
3145978
34432459
2986227
2980759
982351
7514315
3238790
7489430
3348613
3118033
7755740
856891
3188638
7598667
907359
3091415
30106939
2971670
879909
826358
7614597
3273081
18932296
5501034
32166682
5414499
5345942
5313091
23393334
5411417
7604293
18721651
5289061
5286969
32114527
5298624
5432768
18776978
5370511
5303169
5436009
5252071
5511474
2963390
18880029
43136665
10009366
7580712
81094790
12376145
3619648
30169354
5443119
7438288
3151805
5472256
7646120
21142407
1194909
63712859
5369724
3274093
3256565
34803147
36569040
5263254
818596
45958935
5470816
18944176
5560029
5416141
5479637
3094250
23097458
5089869
5500517
5304046
5320022
5189723
18851634
5408783
50438535
2986138
5579379
7501827
32546236
5451917
834931
7578485
30033904
5332756
5322833
5254613
5058211
21091040
3137495
3149600
50320275
5391886
7578147
5331137
1440408
5432341
900362
34496989
3320105
2999120
904884
5213776
32629553
10234457
66084993
7612167
48103594
5297634
5501348
5156739
5313721
4988123
32167942
51833717
3246103
5427166
5386734
5325444
5398613
3146720
3136438
63921794
5402169
5433241
18907253
5416163
5511317
5558341
5685466
5493114
3015477
971776
34694067
2861600
45806385
5468679
5310121
18686326
5488366
5340451
54739664
63729622
63811657
5132956
5366956
30541955
5283526
3116457
5294326
5177168
940547
45856020
27639068
63602587
45666997
9834924
45753892
9874411
5168326
32301458
5317231
5339393
18715328
27565132
5381716
85764852
47922918
7509320
45690824
12023255
7404064
5138761
5115338
18665040
21203742
5114596
3203667
18958171
18707340
3123477
3187423
2397829
7695710
45269601
14479719
5333319
5509044
5239854
5312146
5227411
5228581
5264154
5188688
5416344
32518628
3084822
32497568
5597942
50410365
5380816
32598480
3345800
18937539
5546866
5416276
32296688
5346481
7249444
5481819
34766472
5072746
5118376
5428359
40097855
5256998
674821
27779558
5158651
5104605
5062621
5522027
5489064
5261206
5255176
5390874
5302201
5108678
5120986
5283639
5460669
50274622
41204092
5323914
1102165
5388398
7703653
20997034
3032735
3169513
26629716
937936
7796308
2691207
70208215
5341577
861616
7692448
83838489
5177821
14365351
3185780
3239781
5559151
3146337
2892110
5358496
3233120
3195185
5328774
7629605
5470299
3258185
7763526
5348056
7452282
2982290
5421609
3151107
34352269
3095307
2820987
18731528
2960217
34534519
3354756
52421733
3166453
5479862
3016220
3266578
2242534
23443216
3180381
16568060
3282711
7881380
3208213
7732115
3211700
54647909
876377
3028123
790066
3140577
32190105
2817747
2786495
875701
2814237
2782602
5545742
3185307
3086442
5314644
2809175
2802829
5641727
2856537
2798172
7922038
2830820
5511632
3220543
3148115
5448676
3229475
2958485
5355887
3336013
2809422
3258252
3309890
5114078
5032764
5105146
18876383
2873637
3136775
982757
27613035
2839842
2822269
2845895
2780869
2802852
5084919
19884475
2936727
2849112
2953985
5103526
2984023
16266694
9754936
50082921
2849989
7583952
3126470
5205879
5172804
2853027
2774187
5065051
19885510
3145865
3191630
7680410
2912067
2937964
5418144
14472834
5432027
3398766
2988162
5239133
7295051
5121413
27409905
21150642
5459814
5427459
18782424
6910594
30047202
5311786
5281636
3035413
5252588
5290973
5283796
3152435
63529844
5526099
7921611
32308973
5390311
5397083
16638440
5356741
5345491
3178513
3084598
52420788
45608991
5101208
86439809
110920366
47943753
9784028
5059786
917934
5421879
32328120
5472032
5272456
5407501
5078978
5417941
32388240
3227113
16669647
5456619
14456409
23490826
14241398
63764632
5390649
5410134
3320758
7696115
7725118
30059779
63846374
23179785
3078635
2878812
27538650
5229233
3332368
3139610
18798421
5325646
5608089
7513414
3296840
16317702
5430609
3100212
3003958
5630297
47973836
3002112
16431035
29990681
7742285
46032443
5463458
32108790
2928380
18641686
4936328
7248117
652253
7488305
9111007
2703357
18658201
18636241
2699195
2660135
5064556
3053278
7233672
640531
2717375
7213760
18624361
4058759
18706755
5332846
27781988
5069574
50280247
63737586
3165058
836214
27782910
5299951
32234385
5296554
50330940
9912009
5259203
50175892
45915960
21026352
2992775
2998468
12104547
5259361
5211571
18713483
27724545
27783698
63804209
45686437
5357686
7610480
16595060
7667472
47843696
5366731
23272711
3081515
2975292
5287013
5162453
18703088
5316241
2949597
5284673
3061378
7611538
5282828
52572484
32103953
5110748
562231
2888645
2875595
5252971
34475052
2958305
3219462
2972772
803612
3102598
3144875
5371997
3137000
5196924
23210363
2944737
3466446
7818672
7383409
45782827
34732587
627436
5372019
2946560
3067700
52421620
3313221
34724104
3221825
68254019
3056360
10026106
3148363
3090312
2874897
2932632
5332937
1007237
3045875
3288201
5486116
3168905
3262235
20878572
5402417
3199528
7750565
2980332
18728175
40671697
3069343
3117516
45465284
16569298
3132297
27636007
7485717
810766
47833368
5241023
898674
3067745
14242681
18759046
21006574
24198340
826854
2936660
34541426
3175092
21125060
16475134
63650939
5329831
34662815
5523781
536356
29981412
7586832
12061145
7572882
45847605
47975051
11995737
5293944
9330653
5162633
3024185
3113128
32348167
3924434
5280444
27774630
5507042
21003379
24170169
5397624
929184
5212809
543691
83642919
5123596
556404
27657586
5229301
20924066
21047457
630024
5170598
5306882
18827603
5377036
5228694
5364279
3136640
5352916
5286316
3113577
5054746
4250842
2994867
2921608
2923227
2913485
5064691
45773399
36790417
862404
3101607
30044299
5456439
887019
63743549
5099566
32334915
45513974
4899361
2377489
2638309
27615398
5256818
4906628
3047945
7489947
2866280
18686145
7400869
4912433
4907281
3153493
3038810
5342162
590311
9026947
23387685
16753842
63671526
7884058
2352739
90359743
28004558
5398884
3192170
3316123
45898545
36864015
1142215
39114604
3252042
5497839
5422824
3155248
3154595
20786726
14565939
29907476
63976312
7628570
63953789
21095989
1033314
18855031
5586984
18449580
962349
5644787
3237463
3232446
27924975
4226114
2799297
20931987
881034
5334984
48151159
3298753
926754
3038720
5425614
3339365
7241367
2995429
7538930
2926017
7601525
18696540
3068150
2969105
3151040
5343511
5328144
20826799
3011967
3173833
5482516
2997883
3069748
3077443
5232001
5349024
5279656
7485672
3001235
7552835
2927682
7756618
3155315
21327065
5333521
2814057
27672188
5537102
3061467
5178541
7750835
7591310
16607053
5452119
85069759
843212
7686507
3123366
2990277
63786884
3244348
2723089
3183351
18937989
18629355
2955087
7848103
36915248
3198335
3048080
5396071
3081650
52275798
38861905
5138829
5408829
7393557
2855074
34345383
20947017
2925027
5410651
3113465
88162479
2989895
5087281
3254698
2945975
3219868
34398304
5238144
50123355
88654352
3355138
7647222
21167225
27963788
16766240
45742755
47920668
5327672
866948
7511480
3047180
3054178
5422981
5379129
5158584
7605485
3046775
27698896
7651205
5146254
18771219
5371366
799831
3314661
18680498
93256824
32119860
1058312
3323885
19030036
3067835
20263848
3283093
3171200
946216
3234178
34829337
3345215
34681444
5351791
7751555
9987271
5347021
50391105
63835597
58513213
867624
45879465
45860205
47886176
5281703
915459
3035975
18696091
5148076
5132168
842694
63722579
63753854
5620780
16515612
5132214
5354851
710551
45800828
5416074
5240799
5264356
5249731
27785363
27783652
5242463
5252521
3169783
7389237
34678205
5232136
9873016
5328998
48131944
7682165
50235922
5305081
5292391
5259316
5520541
5313496
7655030
5238572
5319909
34463981
977874
39140051
2997928
2806857
23166263
5034114
572671
47810351
7387550
48225791
7469134
50283420
5517234
45979140
3199730
5481166
7676337
2985620
16274299
21295722
7599724
23455456
14550661
5180296
5151856
7647605
3205738
34396684
994480
22097488
3143322
3168073
983342
45516494
976142
18646028
5542726
5580325
5446584
2915150
19013274
5373414
5341643
18892831
5162184
5605457
5425457
5712849
7813992
774047
5383831
5303348
7623260
3285905
18854378
5143643
5327581
45638174
909226
18883336
5344749
5552199
63829027
63892882
5464201
50155192
5380524
5423183
3023554
3205716
29260196
50236350
30220790
5222866
16396992
70178627
5547789
5390087
5383382
5378364
1048277
63890924
30092156
5361871
833267
7541113
32365830
5304991
815942
3035773
34394546
5349114
16577779
5423678
697973
3220047
5475676
3052513
3092360
18981818
2884392
11974992
5129761
16444466
5285933
5172398
680896
3120575
5176313
3234358
23260740
5273132
477653
5117611
16631375
5427887
5595106
5456619
3341886
5192019
32471378
5397489
32182410
5686480
3148655
3194577
67847398
28003141
20985244
5133654
3174193
7534565
3389226
32271937
3243606
5483304
3303635
3102170
34596596
3317811
52282548
3348208
3172595
896356
7750903
52427695
18847808
19059241
787974
21214767
3113398
3106715
61149452
841568
27694620
2804810
5391144
3229318
5241271
3048957
2937380
18914791
724928
28044203
72917489
7736998
2393127
7609085
16603339
2926513
17935454
32203177
14532548
5429596
5463954
5482741
5669964
5643076
50362732
5466609
5679212
19004589
23540573
3371000
16874533
3209900
32449171
5660357
63642906
5237514
668656
63414306
5077561
5267664
36637485
47914886
25354189
5133631
7607352
942414
7742960
45897083
47926968
2935377
549878
5324949
50339467
45906352
5080283
4025257
3041285
7564625
72275676
5211863
5530531
49298098
5491246
5169181
5127601
20855802
7498745
5173029
5410786
3034309
3131690
34732722
5345716
5192221
5489514
5490031
5400662
5447709
36836993
30186319
5202593
5344096
3332773
23305876
30201349
7647695
5054049
16464649
2798172
14249115
2788227
1237569
7571960
63604139
5393394
737101
5714582
7491230
68141204
23400983
2956325
21076031
5580661
3128225
5530216
3156643
5433646
23238331
837204
5389389
21927816
5416411
3143547
14089186
7704148
76896013
14423626
7280630
25649006
5373571
891924
3398608
18924241
6251838
911971
9704828
21044779
978639
18972594
18910449
5448429
5308704
5364482
5437449
5363537
5371569
5361377
5329921
77407169
11359931
65967948
951819
5425816
32202728
5418346
5307601
5316983
5233981
5218366
5262984
5262511
5429822
5330978
32262060
5419516
5522274
3139093
5514849
5468791
86150053
99530893
5449127
67922301
23352698
5112278
5442512
5412294
5531319
5298894
5269823
5369993
5454706
5294079
50100404
5446269
50055921
5042258
5338538
18530243
5149291
5155006
5291041
5523917
4398037
5490954
18847043
5364684
5308906
18902618
5499009
5603657
5486589
5437651
65734262
23733038
74517602
670591
7501040
18732991
3290360
3072380
2965752
5177123
9897811
45796260
5252881
5254659
3297471
6618498
25313666
14436024
5318379
18668190
5242261
5280016
5340564
1069225
806086
54518894
45849517
5435379
48190241
5510034
5393484
5466001
5295587
23478474
32386778
5524412
32324385
5493001
3158646
54494414
5093221
5312528
3370573
3072133
50111902
30038269
5344524
885669
3179322
34696767
27919080
5359418
5358338
3128112
3056517
18800918
5443952
5385497
34269469
7646750
47884556
7745345
5184503
14139945
45900480
63806032
50258962
5448609
5345243
820059
18941813
34676089
931861
2862409
5257606
3129260
5448293
3070040
1955163
30160692
5344209
1039750
2087373
32266110
5304946
830319
7538817
6909964
32351655
36599032
888009
3208168
16591954
27805973
27887423
5346458
18774863
9758446
907989
3063223
27704520
121743627
5340811
14392058
3102665
7595000
29945187
45651832
3168905
1943126
5089126
11820439
2826410
788131
30000739
14169713
5158629
9649636
32138557
5269103
5232203
18689453
14001818
766958
45656197
9624211
7346712
5242599
18780354
5191434
34391463
5372739
32292278
5291738
3173427
3313648
5336604
32220322
5291199
27931208
3263045
861931
5317546
3030822
3136191
5209613
47959166
5266359
50303872
63965445
45663712
32185493
2868394
12036530
5207386
699662
5205924
18710130
2921788
7558280
9750909
12141358
5261251
3133940
2674265
7313547
14102325
5275246
9785783
14389471
5373593
32243678
2923925
12085894
3182023
3094228
5237334
3130767
3157633
5266471
5406264
18579923
5433917
45719197
32278508
5182388
5417289
5128906
5069529
5293606
18985531
36795030
3145775
3067835
5319728
3041262
5283458
2841282
3140308
5531342
18709995
7675032
11898830
14270266
5418054
5102334
2959610
3013970
11866722
7720527
34609534
3162897
34646186
3137720
36870540
754269
18815701
927587
14251434
5394339
876399
5299614
5445594
18743611
5252926
5663506
14394758
5374674
791507
6902516
3002067
5330506
45574859
2057809
3383848
5562167
27669128
14226413
3121497
12058062
18721605
5592452
63649184
20980001
70157072
3065922
52358215
2168059
21028400
5440149
5212854
5440734
30112182
5210941
5445279
3015500
3124423
5248089
3002923
63431361
16894602
2990727
3170256
5426154
2118153
20988552
5366304
5319414
5436999
25468805
841726
64763093
35802306
6672071
5438417
3124017
54627997
5216769
5424331
873902
39191644
16484314
23231557
5396837
1165479
35491175
3087140
7533867
16668747
3206232
34633024
3312095
34603729
3107008
63953249
22604752
3199100
3302217
21160565
