19882023
1609607
1615075
1640252
1664980
1647633
1605018
1826351
1926903
1613815
2229664
1982636
1850876
1642367
1922628
1616110
1941574
1935971
1984841
1863116
1790665
1638858
1665431
1794715
1666983
1858053
1987945
1833821
1918758
1920355
2027141
2065503
1822683
1998835
1829118
2040371
1854926
1838973
1392528
1857625
1799486
1855961
1679717
1564698
2218098
2176181
1909488
1884378
1968371
1624616
1666983
1687773
1890498
1620002
1837151
1810376
1828511
1320212
1803108
1628193
1622703
1771608
1608820
1572483
1863543
1812176
1853913
1573585
1590257
1822773
1864308
1835935
1837421
1873848
1798270
1976830
1575948
1560400
1867233
1603263
1554010
1605490
1621690
1713873
1867098
1977415
2122428
1909150
1874096
1858346
1876571
1926026
1911491
1998296
1887370
1877515
1874388
1881273
1879675
1907598
1856006
1900623
1903413
1962701
1948188
1900510
2080646
1951338
1860258
1886044
1891264
1908521
2024418
1893783
1884693
1903008
1887123
1832380
1976426
2116758
2115206
1946028
1441172
2189749
1938986
1982546
1875873
2008421
1944296
1956738
1730996
1958988
1666735
1855173
2092144
1832313
1828960
1858998
1825811
1861676
1853801
1984616
1800251
1824707
1816518
2116511
2035375
1898575
1670403
1641062
1655980
1651278
1682846
1666983
1646102
1894616
1867526
1894796
1949291
1940426
1891218
1939503
1701723
1627405
1612173
1598290
1906743
1917769
1878236
1925396
1928838
1994831
1958875
1908228
1884468
1902603
1872025
1704445
1614243
1697380
1704221
1692092
2018478
1912120
1928906
1919186
1869820
1972331
1879518
1892006
1854836
1919704
1917655
1902850
1861135
1929176
1918826
2074999
1902671
1916733
1867481
1902266
1837870
2167113
1811568
1859561
1839513
1808441
1901613
1862553
1693375
1560400
1805471
1581392
1761280
1825023
1843720
1789608
1614715
1639465
1826913
1772891
1868988
1768751
1613613
1569760
1775590
1776716
1857333
1792825
1609585
1633795
1672495
1611903
1627000
1636180
1604770
1644033
1900983
1842911
1808260
1566678
1318457
1578513
1615953
1921143
1821648
1832763
1625898
1620115
2194496
2041653
1960136
1769538
1653101
1632580
1629003
1610305
1876143
1615863
1588008
1606075
1619958
1853328
1895628
1868021
1885953
1927578
1847973
1840165
1836948
1862081
1863633
1843495
1804256
1925485
1841943
1847703
1849931
1594578
1594668
1562448
1585375
1826846
1981960
1885616
1908633
1955366
1872363
1828960
1814763
1820501
1863476
1934666
1660165
1851100
1889936
1888653
1668692
1931606
1914416
1978878
1734145
1693758
1640815
1821266
1836160
1841651
1832628
1811253
1883411
1863273
1870676
1835440
1879811
1920490
1595388
1594443
1870293
1848221
1642593
1612353
1653843
1976358
1591901
2196724
1895718
1921143
1846353
1864038
1656453
1626775
1616537
1553313
1534188
1346042
1352860
1371985
1386948
1523028
1864241
1631343
1332002
1890138
1607920
1568117
1553087
1297622
1897541
1640770
1716550
1937884
1851190
2002031
1614715
1856209
1983761
1956896
1941889
2014879
1845453
2038795
1931763
1954061
1875873
1938220
1841875
1837038
1839266
1605378
1827858
1595387
1628845
1540150
2142408
1862350
1715921
1632760
1647588
1639892
1877583
1899723
1856275
1746588
1881745
2085911
2013326
1570323
1592125
1833010
1513285
1582967
1521993
1090824
1394643
1680280
1400065
1367035
2217424
1980251
1551513
1895830
2311653
1869955
1875648
1865185
2003516
1512520
1397590
1663068
1625515
1869753
1837218
1571042
1669593
1844328
2262446
1898778
1893941
1875625
1912210
1935881
1670537
1673845
1675555
1696255
1672495
1617775
1671843
1954939
1912705
1873578
2152916
1879023
1876548
1817125
1811658
1832628
1787560
1871283
1643965
1593992
1626078
1570165
1684375
1638228
1896505
1921571
1835373
1789652
1791768
1510225
1564000
1557430
1627338
1451252
1340169
1362580
1402158
1473618
1357697
1354795
1586342
1643402
1888113
1934103
1830648
1620430
1615728
1591968
1630600
1876256
1868223
1952531
1671168
1648555
1378802
1934981
1943755
1943845
1855218
1875761
1874703
1964208
1840638
1891398
1905910
1959573
1831796
1855983
1916284
1905956
1916846
1747420
1640253
1609135
1846083
1893649
1848760
1877650
1859470
1595027
1627091
1626055
1650467
1581482
1786728
1858661
2028356
1745058
1899385
1901298
1888766
1878348
1913853
1896708
1590235
1867436
1619328
1879788
1842753
1863183
1597706
1941056
1583935
1899138
1819353
1896956
1543907
1869101
1826733
1631410
1882354
1797978
1729083
1921346
2101413
1898688
1862755
1866086
1908634
1940380
2060868
1920761
1942226
2004460
1730252
1656115
1788326
1825653
1915091
1872116
1999691
1627427
1883163
2222486
1900578
1891241
1635640
1943238
1552750
1894728
1882961
1854386
1960361
1893873
1794671
1887573
1929806
1889080
2001424
1870765
1851573
2163559
1670650
2042396
1662437
1629610
1369915
1619440
1612938
1618518
2273021
1841943
1976111
1842190
2055648
1782363
1426165
1623760
1642930
1659063
1676635
1630938
1384787
1633570
1646373
1636991
1620340
1661920
1730568
1422003
1417840
1650603
1387734
1652560
1454155
1349125
1695063
1649298
1445627
1369465
1349732
1354592
1592530
1371759
1391154
1382088
1658163
1074152
1644685
1692767
1568365
2247799
1964905
1925823
1811973
1664620
1383887
1437190
1341452
1693870
1634965
1423307
1680213
1448867
1410415
1642728
2074706
1888158
1570098
1801736
1397545
1619373
1668805
2213463
1851573
2032900
1888585
2022438
2042981
1991635
1904493
1916171
1686423
1665407
1640680
1857716
1631253
1627316
1611002
1648712
1738263
1691035
1622680
1621780
1650558
1771000
2123936
1819195
1707415
2217311
2023024
1907125
1923663
1628597
1920964
1991029
1998701
2198884
1978856
1585082
1939976
1927803
1865118
1950910
1888046
1975570
1969428
1895358
1933518
1894818
1984413
1924135
1959865
1840030
1717225
1952936
2032968
1988238
2117974
1937815
2191774
2013866
1934126
1956379
1674340
1902289
1661020
1923506
2244244
2208446
1963849
1945893
1970845
1926183
1916126
2010738
1692183
1382808
1986415
1968573
1970306
1937321
1709913
1922988
1624773
2342659
1967808
1919365
1949110
2007116
2063793
1990601
1998948
1979666
2124611
1965896
1966301
1835688
1628441
1878753
1945443
1891420
1569783
1670268
1559073
1615886
1904426
1674745
1631951
3430986
2203001
2055153
2130799
2261951
2045118
1932685
1633525
1826666
1798338
1883455
3383465
1924653
1901141
1929535
1888406
1950348
2895710
2024845
1823583
1685816
3104420
3066620
1956288
1724966
1906495
1747645
1934620
1956963
1943553
1458363
1682396
1791633
1761955
1573428
1871801
2616215
1909376
1914439
1894458
1713805
1536887
1560197
1678233
1636540
3261268
1929108
1985426
1894075
2078869
1632558
1829590
1854048
1593655
1813098
1919725
1858728
1833145
3205221
1623310
1554123
1709215
1661471
1630668
1676455
1360037
1618720
3411411
1623107
1614648
1627923
1727598
2120696
1938715
1921121
1884243
1964839
1931336
2009208
1917049
1906406
1898824
1888721
3579845
1935250
1890251
1912436
1868493
1896664
1943643
1949268
1611992
1382402
1716055
1700373
1578355
2061296
2303914
1605040
1851483
1926138
1648938
1916913
1650040
1918420
1867278
1944925
1858660
1671887
2216254
1928546
2072343
1949516
1595747
1583935
1588885
1671190
1938828
1924068
1881115
1591563
1659310
1630330
1922448
1705593
2009388
1939099
1692003
1699743
3288425
2245549
1896708
1954465
2178611
1819286
1812175
1814628
1808553
1898508
1925845
3412738
2104248
1805245
1649546
1730546
1622545
1563190
1559815
2817410
1606997
1641355
1925013
1880801
1554167
1597053
1897945
1634268
1812265
1724110
1718822
1955951
1681090
2572834
1903143
1942788
3594786
1892411
3369650
1878281
1822345
1870383
1467880
1850583
1735630
1621015
1828443
1840818
1841785
1269677
1354997
1256267
1463425
1404475
1623760
2492127
1795503
1872926
1603038
1635955
1944003
1596265
1666308
1306758
1363570
1302549
1530363
1579660
1912751
1932775
3386301
1904290
1653820
1577050
1952711
1844958
1887573
1815348
1726023
1669638
1679740
2154963
1920693
2121889
2315209
2238191
1648510
1568950
1623670
3332390
1600608
3624171
2022259
1858053
1602903
1730995
1643582
1578693
1682575
2000118
1992400
1930593
1880373
1922313
1920513
3210148
1809543
1746318
1820163
2438959
2391957
1837893
1926678
1881745
1853440
1796380
1780653
3148115
1806280
1836521
1857153
1807181
1797348
1853575
1827251
1848445
1812355
1949538
1844125
1822796
1816338
2032024
1921323
3169670
1833663
1855083
1944970
1873826
1141202
1113730
2742890
1595005
2095743
1891691
1949673
2009411
3160332
1879518
1608393
1640118
1644483
1924519
1868155
2037626
1313057
1581482
1576982
1602880
1634020
1868110
1863881
1933226
1873150
1694455
1849233
1856073
1870473
3443293
1896573
1917566
1948908
1974064
2192291
1844148
1942609
1633322
1698303
1671168
1665970
1845701
1793568
1879541
3098750
2286251
1916306
1865298
1768143
1854835
1935318
1920919
3573838
1921369
2184011
1937636
1909961
1920041
2026466
3042883
1953723
1979981
1925958
3418903
1433590
1367304
1839850
3226032
1836026
1914168
1618271
1851686
1790013
1384855
3201890
1644280
1619935
1789923
1596760
1596017
2005855
1913066
1843608
1854138
1934733
1968416
1828870
1599370
1559927
1654765
1840548
1665048
1875513
1828466
1588142
1594803
1858751
1858931
1638048
1597908
1603308
1927151
1678233
1563370
1700486
1744091
1644708
1119197
1389355
1713603
1584497
3129687
1938288
1916800
1850493
1839873
1977145
3731812
1864488
1820096
1822818
1861473
1959843
1615323
2547297
3542068
1820365
1864151
1622140
1594983
1546180
1423915
1606390
1849165
1826508
1827160
1758761
1897788
1620250
1577163
1531465
1868943
2021875
1926700
1869956
1896798
1879428
1912390
1634313
1639892
1987091
1591765
2176001
1764295
1597660
2014406
1860415
1619958
1633277
1671325
1588188
1537067
1575341
3153628
1580740
1916373
1874320
1830693
1822593
1832493
1866535
1835486
1862373
1902963
1825360
1822503
1898980
1848333
1834630
1887326
1895178
1883861
1794693
1815573
1834136
1629183
2863940
3786307
2763792
1864533
1808215
1609068
1799958
1789608
1824551
1848918
1794896
1891533
1786706
1541005
1646575
1619373
1894391
1607155
2483846
1958830
1646665
1936825
1949876
1675623
2151814
1867818
1953093
2025903
1890318
1778021
1985786
1883591
1934508
3265610
2635361
3435914
2118063
1823425
1863094
1886741
1837151
2920482
1462570
1891736
1870721
1912660
1854723
1652740
1862463
1529642
1441262
1699720
2860812
1604860
1655732
1625898
1601688
3399170
1609338
1386632
1445942
1359677
1346448
1327097
1898868
1820343
1900038
1827183
1844936
1914416
1553020
1831053
2104339
2205656
1369645
1827138
1551040
1343050
1646238
1655778
1656453
1639241
1252285
3213185
1654765
1655305
1698078
2171973
1868291
1930908
1648375
1972556
1608123
1827273
1590640
1666105
1641287
1715223
1677557
1639982
1385237
1350228
1689640
2159036
1593002
1574395
1621128
2807825
2832844
1558465
1601621
1603735
1804278
1852360
1861405
1781238
1888856
1928501
1853981
2964605
1938716
1863453
1934463
1769066
1661245
1321045
1355673
1544177
1814763
1550297
1814831
1852451
1917858
1853351
1576870
1593047
3358985
1856591
1914843
1964748
1655103
1382582
1271162
1310807
2285441
1388658
1369870
1609315
1621870
3182766
1669885
1647723
1807518
1867053
1868853
1902423
1613072
1865388
1727126
1934328
1716011
1635865
1655981
1422655
1585465
3501748
1844711
1849818
1526290
1590730
1585960
2981637
1582630
1592395
3548166
1916553
1824055
2984247
1661582
1620453
1662213
1678300
1362287
1378464
1667636
1681675
1390907
1693825
1730523
1671145
1582518
1699068
1559005
1447157
1481988
1920310
1878821
1691463
1692071
1609856
1838028
1637845
1708112
1534930
1635640
1624255
3000807
1053137
3501950
1666532
1639892
1347212
1502034
1358687
2198793
2103663
2041000
2777719
1875018
1899588
1543660
1611790
1886268
3167127
1706831
1619260
1846533
1839963
1802366
1871665
1842393
1697605
1728610
1619193
1677557
1637372
1363412
1068481
2006126
1957458
1873466
1867458
1890971
1877606
1886741
1861653
1863250
1857805
3510343
1879608
1999916
1943373
1891308
1896100
1845678
1936983
1946591
1964591
1946569
1979958
1992401
3357568
1937569
1920288
1860483
2970927
1887011
1922989
1924744
1913425
1903548
1950416
1914528
2771689
1863071
1928163
1975436
1909420
1698370
2008105
2304386
1838545
1879833
1851416
1916891
1825878
1881970
1855758
1910883
1645585
3148655
1673261
1645450
1604500
1986888
1940561
2043228
1606795
1575543
1925801
1570345
1656768
3065990
1637868
1631410
1441015
2804022
1523388
3195546
1870450
1836858
1801263
1865028
1826486
1858031
1850088
1832808
1856546
1823156
1818453
3406055
1870270
1661582
1922223
1855848
2037041
1910321
1927195
1882353
1866063
1891174
1887191
2596324
1592237
1831571
1887685
1865028
1831593
1867233
3348456
1417210
1410258
1605400
1605220
1597840
1606165
1635506
3213613
1328605
1604365
1369240
1628958
1639510
1569040
1670492
2982830
1714840
1660570
1543840
1638318
1736688
1433477
1620273
1668580
1674902
1696773
1408840
2815092
1653190
1617596
1650287
1666286
2518947
1616987
1604388
1557542
1577005
2202011
1976560
1816676
1650850
1590100
1644438
1578715
1389265
1357989
1608955
1698956
1861541
1854160
1838501
1829658
1847163
1823403
1849773
1784546
1095706
1093321
1605175
3235460
1947919
1924721
1942765
1875041
1635798
1706988
1671686
1614197
1844058
1881746
2044376
1885436
1626708
3670746
2539579
2064581
1929220
1954623
1961216
1797393
2000613
1952081
1899949
1893018
1826687
1835305
1936893
1872835
3016467
2539332
1884356
1904403
1832426
1870743
1813166
2001828
1964411
1784568
1788595
1799103
1866536
1846893
2005879
2785550
1866580
1946276
1950371
2806295
1423037
1408254
1430372
2808882
1371085
1385327
1596761
2833384
1383414
1377003
1762968
1633818
1615188
1609180
1880530
1612825
1625538
1382290
1496905
1582540
2870488
1580268
1336390
1695378
1638183
1654585
1381052
3025850
1636810
3801043
1302167
2218842
1878978
1985380
1859605
1690900
1578152
1577927
1726855
1616042
1648578
1663361
1610080
1351757
2079994
1844823
1854588
1835733
1606863
1859538
2079656
1833798
1458429
1429000
2340207
1804256
1614603
1655508
1725933
1949223
1980791
1826485
2016566
1561232
1594353
2246471
1616043
1655576
1652402
1929918
1816766
1662325
1660885
1902986
1891646
2948945
1851865
1889103
1852091
1836048
2182706
1915383
1907553
1887213
2541514
1911918
1628418
1366067
1315622
1375855
1382313
1370814
1333082
2452482
2446181
3283138
1627630
1579592
1540083
1307229
1591878
1662955
1672046
1584768
1611566
1548678
1296587
1320347
1309299
1308107
1552457
1598222
1573945
1595613
1602587
3278322
1573832
1643537
1653505
3345598
1581685
1845003
1864623
2712267
1852743
1918961
1590168
1603465
1590191
1582338
1632715
1634201
1603015
1615435
1845970
1599280
1614490
1595410
1573315
1563618
1663383
1598740
1546878
1921886
1457260
1595680
3200810
1479467
1633030
1952779
3454678
1933428
1850808
1620070
1646148
2037716
1620880
1575700
1418965
2943702
1683498
1360937
1754463
1906878
1819195
1900825
1876998
1879743
1831346
1837668
1873443
2805484
1835778
1912053
1827633
2035309
1885571
1939773
2792569
1517627
1422924
2045253
1798900
1776895
2030493
1841426
1896100
1812918
1807248
2860745
1960878
1854025
1846083
1582765
1623693
3136595
1750908
3241963
1865185
2012313
1600810
1646485
1836610
1825360
1614963
1865163
1862755
1842370
2856785
2418417
1617955
1615345
1763395
1631815
3120283
1648105
1532230
1926521
1882488
1843900
3178377
1591766
1642098
1325140
1679155
1654923
1365235
1272669
3073527
2993697
1834856
1353962
1572415
2246494
1991703
1946119
1877403
1872296
1980160
1900735
1848851
1840098
1885818
1950145
1888180
1846443
1925373
1870900
2814215
2397401
1586815
1640253
1673035
1618945
1656565
1893018
1569738
1361793
1394777
1635123
3457739
1626910
1603195
1935970
1883276
1945511
1666960
1652043
1327210
1635618
3184318
2263976
1602476
1650333
2218526
1609450
1617168
1810376
1678390
1651637
1629317
1667973
1821040
1651323
1896618
1656407
1832786
1918376
2209526
2526349
1651840
1670695
1955163
1931876
1925800
1887258
1930638
1759975
1583237
1902086
1650040
1692813
1367688
1862395
1888586
1835778
1688245
1674610
2125421
1680708
1732503
1928208
1719835
1624435
2275699
1892478
1923956
1853463
2217671
2061206
1737723
1869573
1620768
1925598
1757748
1757973
1715492
1627855
2278062
1947986
1941123
1595185
1851078
1821940
1659557
1793951
1851415
1863588
3482488
1839580
1895965
2793987
1847591
1794446
3073932
1832335
2948855
1805156
3062390
1752618
1831121
3197750
2289288
1710970
1985111
1945128
1890881
1980183
1905596
3039484
1921211
1590482
2200526
1116025
1381547
1375472
1331912
1629813
1608685
1650535
1670515
1963286
1826756
1588638
1799980
2284519
1619620
1352905
1360060
1404092
1355019
2898882
3006185
2825779
1659310
1549307
1622275
1855173
1636203
1665273
1642413
1914731
1659265
1633683
1296722
1307680
1592665
1957751
1849750
1946095
1920715
1896348
1797438
1729511
1812986
1643853
1852450
1652200
1636136
1838591
1885211
2809962
1804458
1886628
1812918
2408786
1802792
1554303
1897968
3071637
1633075
1614062
1620048
1367484
1098970
1378015
1343837
1609450
1613477
1656296
1700238
1884873
2932362
1869348
1594915
1601485
1577815
1665722
1878551
1943058
1696795
1694838
1347324
1700237
1650242
1598965
1585532
1597660
1362759
1950596
1608213
1600135
3088423
1737228
1645113
1622591
3813374
1923641
1878843
1610981
3415213
1719858
1890026
3619153
2061409
2110728
1766523
1647902
2718950
1888698
1933923
1814988
1725055
1645315
3417058
2635946
2057020
1949201
1864061
1875468
1879495
1888766
1841920
7935898
1837106
1629408
1650603
1660143
1614355
1850515
1724043
2061499
1805201
1890813
1894458
1940426
2359309
2025454
1925103
1686513
3176532
3497135
2232769
1738330
1773701
1662798
1715628
1669953
3784753
1663698
1734618
1671056
1697628
1722266
1688898
1585668
1657600
1630960
1908813
1638633
1915203
1919816
1818160
1856771
1834541
1909353
1835576
2105689
1824528
1857086
1861203
1892501
2298154
1879811
1874658
1872881
1922268
1808396
1638542
1923483
1903683
1571605
1712816
1682013
1918353
1858525
3118505
1785062
2134803
1748501
2000388
2311991
1812558
1834518
3343753
2193303
1910748
1786345
1879361
1782723
1899859
1813503
1789586
1814943
1844688
1818723
1774601
2836085
1873668
1887056
1845768
1819151
1727396
2460941
1676793
1827318
1853553
1814156
1802433
1814245
1862981
1771000
1567307
1655238
1313327
1897473
1613815
1526560
3087815
1412395
1712141
1412259
2321913
1646778
1592373
1653730
1930548
1567285
2849247
1672675
1667793
1917070
2010333
1988598
1887416
1958043
1890723
3388730
1942473
1982479
1970846
3583919
1846421
1662798
1599055
1360937
1620138
1627337
1583441
3549561
1840975
1853260
1891376
1693330
1579345
1657645
1907485
1888608
1832155
1844351
1681180
1928861
1887934
1895741
1902895
1946590
1934598
1942811
1935521
3484468
1740356
1790440
2526641
2491541
2263458
1920873
2175034
1984840
2039290
1618855
2296421
2135344
1884221
3390193
3245765
2147921
1852855
1818183
1862778
1752820
1841043
1814943
1901185
1917138
1878371
1837488
1807293
1890970
1894998
1842258
1804638
1857333
1841808
2058888
1812603
1919635
1854926
1916508
1948526
1821221
1854836
1906001
3369538
1821288
1562110
1845386
1887866
1838006
1859133
1828083
2568424
1548092
1808373
1831098
1686737
1565193
1550905
1602677
1604972
3172437
1323407
1340777
1440610
1332430
1600360
2404444
1663225
1832718
1607695
1850515
1650895
1358079
1609900
1618472
1639488
1668738
1621352
1799103
1897360
1934261
1893963
1876480
1853013
1820861
1853710
1827025
1567982
1577680
1810713
1929783
1893333
1689527
2682724
1851776
2010491
1791948
1675083
1614828
3237418
1721522
1652650
1688403
1627810
1636743
1663765
1666398
2068699
1422543
2231958
1883793
1866243
1598155
1649185
1647723
1806056
1833033
1962790
1827678
1906113
1709688
1979035
1871756
1923709
1755610
1696503
2181244
1832493
3182878
1558015
2127469
1412305
1351172
1369825
1896325
2859260
2342299
1764137
1672045
1795660
1704220
1886020
1845971
1813188
1834495
1803221
1943779
1806888
1864600
1927893
3412693
1835463
1893626
1932303
1672428
1584227
1552278
1540263
1844958
1887078
2067799
1873353
1647116
1564540
1734978
3460753
1578513
1858053
1855916
1838298
1570727
1605535
2145851
1904561
1965063
2044488
2149608
1953296
1943239
1892635
1890970
1854025
1873511
1871890
1880261
1927150
1856748
1863048
1735923
1862441
1892658
1887821
1920603
1857220
1705008
1679403
1801623
1336277
1599325
1550230
1981984
1820410
1828218
1802838
2749370
1574192
1743573
1617775
3214536
2565477
1610058
3177950
1324217
3557818
1587017
1636495
1587152
1362107
1407850
2386827
1621668
1645383
3280415
3485863
2046806
1791341
2203473
1474607
1661897
1895020
1925464
1654991
1888901
1910320
1864241
1807901
1810173
1834630
1842753
1796358
1886696
1672428
1580312
1891871
1484530
1901523
1814560
1780743
1822660
1669210
1907823
1677985
1604095
1647498
2075089
1826620
1569985
1624300
1543412
1831638
1838456
1802141
1660818
1645765
1645856
1515242
1886088
1700373
1825810
1816316
1893536
1668221
1702420
1615773
1734326
2029998
2342614
1617010
1675645
1664350
1639307
1652920
1591428
2116309
1653348
1761775
1678818
2178679
3460393
2596730
1660638
2141373
1831683
1914685
1867255
1632400
1594803
1583597
1656047
1637957
1727238
1890228
1630082
1570345
1849953
1609180
1662955
1595793
1633503
3271371
1940223
1895515
1944656
1926139
1901569
3400183
1856568
1970486
1604095
1608662
1683160
1807136
1814425
1856006
2001829
1861541
1926071
1825743
1895921
1587220
1578175
1949313
1650873
1133979
1976088
1947468
1871823
4046385
1940741
1837938
1635843
1963015
1692542
1538755
1359722
1951878
1562515
2457634
1642368
1625177
1591832
1679515
1458250
1665566
1601215
1839738
3127303
1898080
1881678
1828241
1873916
1656385
1623580
1632513
2016814
1846916
1837353
1861090
2982425
1797640
1873106
1786660
1805268
1646103
1391897
1221639
1577208
1294495
1112447
1654045
3612066
2005766
1627112
1573292
2671632
1679380
2957675
1776805
1590302
2302338
2152533
1880328
1844351
2166461
1978991
1893603
1872970
1869078
1880081
1846106
1856410
2147921
2274484
1855330
1871283
1850763
1894210
1822053
1870158
1837195
3478596
2148303
1551378
1589673
1583508
1847950
1849594
1865365
1582090
1782206
1570210
3424865
1578333
2218279
1998431
2048516
1866085
2014001
1946231
1845026
4505565
1711871
2240103
1643561
1687030
1687818
3572196
3307281
3774673
1899385
1890790
2122024
1673598
1647543
1593385
1808215
1658005
1463492
1404453
1704108
1669165
1802681
1673328
1589807
1565508
2003606
2071398
1652920
1846623
1856658
1864173
1871733
1628935
1887618
1712906
1674183
1702218
1891646
1899588
2053241
2750877
1937410
1854498
1844283
1940313
3238700
1594285
1963803
1638655
1667500
3356038
1614220
1818003
1876503
2013033
2120066
1762473
1580673
1585600
3743309
1883726
1708473
1617685
1612870
1861405
1805246
1791926
1883703
1868313
2171951
2992640
2114575
1974131
1938604
1773970
1677985
1680303
1428550
1645765
1987473
1956986
1584250
1600968
2107241
1854656
1731355
1624863
1626640
1872858
3125323
1792375
1837961
2133341
1839040
1820478
1813728
1896415
1851844
1989588
1893265
1886178
2222824
1933946
1875828
1838500
3524923
1601282
2125016
1687278
1637868
2224938
1994898
2181357
1968641
1907059
3514034
3961873
1638655
3497856
2090231
1620768
1346447
1392663
1882084
1719497
1565395
1793455
1671528
3203331
1855961
1477420
1339517
1904560
1712680
1606773
1640928
3593571
1633660
3217190
1086324
1666307
1883163
1642255
1557700
1568635
1589987
1589987
1506805
1869776
1560535
1908678
1122482
1940201
1912998
1848896
1873421
3347421
1860010
1884108
1884625
1796651
1833438
2139910
1600090
1590685
1873263
1942069
3576291
2231081
1700980
1603420
1647723
1631253
1625402
1736981
1622432
1984660
2100289
1902400
2510689
1915361
1383617
1810803
1404610
1338258
1823650
1863341
1909916
1844800
1913673
1851393
1617055
1634470
2219741
2038436
1795278
1609247
1577500
1902311
1615007
1505230
1287970
1330810
1807158
1726001
1410842
1369150
2935872
1899993
2088678
1665273
1311685
1345435
1347640
1936735
1872453
1851596
1858008
9758311
2291448
1928793
1777187
1957796
1948683
1938648
1936308
1914730
1922944
2280153
2226131
1946726
1958605
1979778
1957121
2013461
2000343
1925554
1928569
1965761
2061228
1982254
1953611
2095541
2374024
1958876
2001221
2418776
1862801
2097566
1882016
1955951
2012651
1923933
1939256
1884851
1674025
1604253
1584273
1690271
1656071
1726226
1684240
1618338
3645051
2073063
1929311
1893018
2069598
1677018
1487050
1999060
1867435
1899206
1891105
2200256
1655395
1427852
1368430
1343162
1748793
1947580
1719993
1719858
1718845
1618360
1646642
1697943
1755228
3325371
1625223
1605062
1599191
1706290
1805470
2042148
2114891
3776609
1753833
3421288
1605670
1645990
1644280
1608280
1543615
1904043
1963894
3415415
1824888
1580920
1874680
2286161
1824708
1891668
1853418
3388011
1761708
1374617
2221811
2058371
2052296
1916081
1904020
1879968
1947310
1936353
1871980
1901185
1636338
1653460
1636923
1617078
1685635
1593610
1865928
1584182
1639083
1478050
1606007
1652200
1962026
1936421
1867908
2073693
1895898
2286724
1956581
1809385
2028873
2026668
1763237
1936826
1779168
1649208
1611317
1610395
1619935
1723525
1602137
1594848
1594443
2076956
1846195
1579773
1584047
2553507
1582203
1635865
1849953
1636315
1653685
1615390
1642975
1756735
1618743
1617303
3622799
1925621
2111673
2105486
1677401
1682193
3091932
3680241
1363907
1540915
2984922
1366449
1500933
2170759
1917723
2123081
1873511
1844575
1871936
1953655
1909781
1611430
3636726
1975255
1619508
1908386
3821541
1971116
1657893
2315569
1983108
1682350
1625313
1602385
1991996
1854093
1688717
1700463
1648150
1756285
1863025
1887393
1983918
1942270
1884266
2083774
3198425
1940358
2284023
1918353
1395384
1678076
1581032
3893857
1503025
1317017
1872970
1573608
1632671
2333952
3499386
1897180
1949178
1718845
1690540
1899341
1691013
1912841
1699586
1790553
1722783
3776699
2000141
1948144
1927016
2063096
1863948
1753226
3138867
1671505
1817936
1879630
1918511
1900218
1905146
1702757
1672180
1595410
1489367
1396465
1701093
1673552
1546743
2255112
1919365
2006868
2242263
2078261
1970711
1953138
1867751
1847051
1908970
4087154
1659423
1778043
1692565
1653910
1597593
2012066
1952329
1872003
1719970
1983356
2116916
1645991
1401032
1395677
1509302
1810196
1395115
1440813
4547415
1638812
3643318
1715605
1807338
2003651
1909623
1771113
1931943
1343477
2151903
1636180
1706087
2182751
2069891
2398481
2254076
1794963
3814026
2003831
1872723
1577838
3687801
1713850
1876975
2236683
2006913
1927735
1895538
2265236
3384500
1883501
1913515
1290827
3215188
3026772
1593407
1934958
1665588
1624458
1623625
1861586
1871845
1952238
1854520
1844125
1822998
1979261
1873713
4204334
1707730
2062579
1920041
1867368
1891736
1893175
1616785
1608550
1605647
1686647
1829725
1856095
1697222
1628710
1622298
1404745
2042485
1848918
1911805
1617325
1410280
1508245
2038008
1994246
1490560
2365991
1851663
1896595
1509145
1908858
2200887
1901298
1945691
1948413
1902468
1920896
1898710
2091131
1995371
1885435
1896370
1864983
1652695
1631455
1694567
1932753
2006418
5916205
2036681
1906766
8399016
1733336
1590573
1686760
1660660
1622860
2186126
1726338
1628395
1687412
1616695
1941956
1908025
1919298
1985628
3616566
1844710
1897788
1931516
1842933
1933540
1764318
2254301
1915069
1617977
1947153
1593971
1567286
1681158
1901096
1915630
1888946
1898440
1896933
2591329
1348967
1396263
1655350
1620700
1750457
1888428
1589943
2415244
1650355
2145469
1903705
1779145
1608483
1708833
1701858
2018568
1978923
1981826
1848558
1789091
1887033
2968160
2895170
1668648
1591630
1723593
2186486
1976133
2056638
1936736
1642502
1599977
1615075
1623985
1596422
4323944
1312900
1948210
1638903
1621263
1850988
1637688
1599887
1639667
1622163
1749783
2800849
3822059
3204568
2780149
3617466
2700567
3428286
1590123
1692160
1671505
1636607
2381247
1909623
1861248
1786436
1901726
1885751
1736170
1603307
1620543
1599371
1597480
1776603
1907463
1850718
1872993
1969135
1809385
1615233
1616403
1612420
1755318
4006041
4235767
1783397
1683723
1716550
2105148
1976111
1916373
1790148
1377812
1365032
1403214
1435953
1631590
1575700
1853846
1809678
3668653
1900398
4242719
1733538
3427543
1641670
1632760
1675037
3287255
1548947
1339539
1390728
2375058
1954691
1597030
1576825
3412986
1568072
1530137
1594172
1582810
1578153
1644438
1611971
1598650
1657893
1669211
1586523
1647228
1668647
1602025
1670628
3179503
1582315
1665791
1606638
1694613
1640590
1686243
1645135
2380729
1591787
1670651
1696120
2794414
1464078
1535830
1373380
2010851
1997824
1825923
1971971
1937478
1713896
3790379
1974761
1939818
1941460
3448918
1874456
1862081
1859898
1939300
1843675
3139610
1885841
1878281
1875311
1860730
1850785
1922651
1903391
1902715
1687210
1654698
1572393
1638475
1735945
1768121
1813368
1924743
1943598
1726698
1611542
3707534
1836813
3456118
1802793
2177193
1852270
2244356
1800633
2069981
2696269
1680393
1972038
1887010
3050645
1451298
1418357
1527932
1426885
1646912
1692790
1657151
1767445
1818926
1946275
2078643
1991636
1856095
1947535
1930368
1849795
1935565
1847748
2182121
2062668
1885773
1709508
1660571
2001581
2170511
1868763
1752798
1596625
2076258
1902041
2000771
1909129
1725461
1935454
2495299
3966532
1964478
1956603
1900781
2111539
1517650
1666015
1775297
2077158
1880868
1862508
1917678
2152556
2231261
1863678
3770286
3574108
1728475
1440453
3071637
2141194
1673283
1823403
1657083
1667636
1810623
1959574
1979149
1740108
2121461
1893558
1655665
1771495
2024800
2021314
2140564
1986303
2225523
1964500
2002211
1862283
1938198
1938941
3248307
2056301
2472461
2114486
2030358
1977326
2297434
2121686
2074166
1906315
1781553
1894211
2008893
1946546
3694056
4051582
3048282
1852248
1976359
1642278
3401241
2096508
1823740
1828578
1763665
1778043
1736102
1841403
1786345
1621825
2048853
2252748
1406973
1395453
1403755
1618112
1624548
1589403
1600405
2301326
1864600
1821536
1823200
2125174
1912660
1623580
2179354
1821896
1687323
1604613
1864038
1637980
1893153
2901852
1877358
1674993
1843788
1861518
1986416
2148213
1892366
1878393
2032294
1645698
2004596
1919568
2046378
2205184
1938806
2654239
2003831
1907576
2023383
1964365
1911063
3048732
2077653
1837128
2001041
4541317
1823898
1909893
1961081
3249725
1651953
1682800
3497339
1961126
1977168
2011458
1789226
3348770
3291733
1605827
1999060
2025250
1830040
1865185
1895741
2898545
1902153
1942293
1699518
1848985
2007476
3748574
3074383
1582901
1588885
1639128
1681428
1716482
2024959
1742200
1849143
2340882
2009388
1861518
1919726
1929513
1910771
1665452
1582113
3108043
1940695
2022596
1903009
1846780
1880170
1917184
3564996
1953543
1872836
2177823
1912526
1838366
4115145
1879450
4003049
2049191
2199356
1970554
1861630
3734916
1903998
1877718
2142769
3773099
1904673
3211317
1884040
3285568
1837916
1853283
4118317
1829973
3355948
1965086
4445197
1680258
1786548
1614986
2045456
1792961
1872430
1840773
1898509
2070498
1953633
2392362
1895043
1917633
2204194
1819060
3496754
1615030
1864961
1828511
1820725
1864601
1918106
1978631
2443504
2001019
1657352
1906653
2038413
1879608
2100829
1992716
1796021
2343266
1931403
1918061
1912053
1833843
1873736
1716910
1659872
2581069
1919028
2237741
1643201
1633683
3446556
2226896
1905820
1661470
1994043
1972218
1971836
1933923
1873668
1973500
1603465
1644167
1721703
2034881
1947671
1649140
1626641
1567847
2877013
1625628
1650918
1626618
3255395
1667522
1614603
1619642
2184709
1855285
2286252
1592620
3738989
1747128
1728025
1822233
1760291
1985425
2054681
1879901
2422894
1920941
1716258
1408300
1402292
1690000
2524324
1971791
1648870
3691739
2479167
2370986
1995933
1762788
1914348
1954916
2431939
1597863
2041518
1582653
1901433
1842798
1929986
1871643
2031011
1902445
2013483
1923888
1899003
1868178
2127649
2307581
1905371
1930953
2199109
1875941
2020278
2891300
1826868
2006778
1430260
1659310
1665498
1586882
1955794
1950349
2059833
1655058
2218548
1667027
1422768
1913290
1884941
1604725
1866153
1875131
1679537
1831233
1921998
1725708
1870968
1563775
1560918
1755632
1567037
1619530
1643560
1575205
1672743
2056144
1907733
1877448
1548588
1609765
1589425
1648263
1390547
1615750
1708090
1650512
1694568
1620722
1817373
1851281
1886470
1855601
1836251
2005159
1884356
1883118
1870000
1878866
1900781
1709890
1434895
1975459
1664980
1947356
1846983
1883141
1855331
1905438
1890296
1931178
1922966
1899993
1979621
1626371
1674632
1589223
1627293
1477105
1672991
1403215
1439373
1858391
1655620
1478478
1426705
1626708
1647318
1441083
1413429
1859156
1681405
1650175
2009883
1664058
1796358
1406770
2053600
1872408
1650355
1696008
1953498
1964658
1628598
1955029
1921615
2180996
1960270
2051598
1856546
1863948
2135388
1785400
1904111
2096869
1894750
1780496
1615322
1636203
1618788
1338977
1614648
2107151
1866805
1913425
1851281
1600697
1832628
2405299
1912435
1938558
1684398
1790351
2137076
1736621
1992581
1905730
1646620
1938243
2137346
1980836
2057606
2197398
1946388
1891803
1756286
1680775
1876413
1955118
1879630
1864308
1909938
1921706
1915225
1892051
2035893
2047075
1920716
2078508
1938963
2124138
2059541
1815326
1858008
1635461
1816676
1855871
1844620
1987564
2066584
1895088
1897833
1975886
1948840
1875783
1876999
1866896
1838096
1933519
1863881
1827250
1931583
1857063
2023271
1801825
1855781
1765241
1572528
1613320
1585151
1858413
1628103
1798563
1821716
1834113
1603398
1908386
1662977
1736980
1894503
1697156
1991208
1953859
2168779
1752775
1695783
1904201
1690135
1926971
1946816
1697313
1938513
2004461
1948458
1879585
1899566
2105126
1882624
1971566
1949066
1941505
1922943
1905281
1916283
2247731
1996878
2086991
1945263
1908836
2027073
1994223
2443594
1936151
1864061
1623445
1998093
1888945
1920423
2030538
1680190
1680550
1732638
1935633
1929670
1961148
1939593
1904021
1928726
1922291
1936421
1869259
1918916
1886201
1769988
1687773
1682980
1834743
1898170
1880508
2087193
1925508
1885256
1644820
1674408
1819961
1421709
1812311
1909735
1900061
2012471
2519734
1861945
2071825
1683385
2097274
2032406
1891870
1870271
1910860
1910839
1867121
1861766
1811928
1852541
1908701
1718620
1832291
1749873
1698461
1574103
1874815
1843158
1536797
1629880
1781643
1654630
1361410
1622635
1381255
1620880
1668197
1625493
1763417
1865860
1799328
1677445
1854206
1675285
1817486
1865928
1912593
1675465
1846420
1843180
2106498
2372291
1916778
1874928
1858166
1822368
1817778
1853170
1884423
1923011
1874996
1784231
2208874
1707303
1903840
1885346
1851573
1699405
1963399
1916463
1879721
1614917
2003920
1657263
1797843
2227121
2024733
1818071
1914460
1730388
2160341
1839536
1407197
1602115
1731400
1419662
1387330
1367642
1632062
1590123
1414353
2130551
1945061
1931696
1953700
1879360
1944859
1911243
2036591
2367792
2046805
1878686
1700485
1956423
1874163
1916080
2297636
1976718
2002976
2025746
1935093
2000366
1991568
1858054
2062915
2075673
1909758
2306231
1868966
1940359
1876616
1816135
1845566
1823358
1816923
1908746
1629273
1669301
2285801
1897203
1934621
1628710
1663923
2094461
1895111
1926745
2031865
1927488
1901883
1934553
1959010
2104046
1927780
1934126
3574446
1864308
1957481
1966503
1884558
1897361
1985628
1892141
1870698
1923259
1965715
1870630
1642683
2276666
1920469
1855803
1912188
1979238
1846016
1910433
1846308
1888181
1862936
1876593
1947469
1968595
2051148
1939526
1695693
1849976
1872273
1949043
1790688
1857491
2158474
1845071
1693803
1684668
1435143
1357000
1384112
1752146
1621983
1645180
1994831
2183898
1914753
1911243
1898756
1947873
1903931
1930548
1928118
1926273
1890273
1900623
1940111
1921233
1984233
1936803
1922875
1921031
1910591
1867886
1854228
1869910
1890588
1913313
1905686
1944543
1937433
1422093
1383010
1656137
1402742
1689933
1453930
1350295
1323115
1598920
1602633
1554370
1226275
1472380
1610756
1670650
1406590
1598246
1596445
1978226
1857490
1373605
1420113
1600517
1716752
1960068
1825203
1851618
1823695
1923393
1816158
1890610
1836453
1819398
1816653
1836588
1884041
1820905
1755723
1858481
1872093
1839018
1890363
1884086
1865591
1857716
1846196
1812873
1891691
1875581
1907711
1809903
1846128
1888293
1906676
1845385
2311789
1866153
1928545
1933000
1933023
1908498
1908589
2020728
2257811
1884108
1899881
1857963
1872611
1895111
1900353
1827453
1757635
1643717
1619035
1888496
1647633
1884288
1573675
1603578
1678188
1700733
1433545
1590595
1480480
1660683
1611386
1566002
1575700
1692902
1626033
1579772
1611092
1549262
1770100
2022911
1679178
1986034
1933991
1933090
1935971
2927863
2946785
3522606
1915563
1904741
1843113
1855510
1813031
1912818
1606436
1804997
1486218
1600585
3115626
1375765
1400042
1475665
1365932
2797115
1607876
1611768
1551940
1615413
1604163
1857153
1911243
1853171
1770303
1652088
1575273
2256596
1829815
1899611
1842303
1856320
2131428
1817598
1613882
1712456
1767040
1635730
1904179
1820905
2998062
1599348
1873353
1629903
1575880
1584520
1430260
1450420
1832403
1948886
1673058
1636787
1676163
1850673
1794940
1636743
1873915
1965805
1913426
1663922
1641287
1640590
1623220
3878331
1612263
1660660
1634470
1972084
1969923
1612645
1645090
2006936
1922628
2069284
1860303
1593813
2316964
1935273
6690881
1958740
1919906
1837038
7365005
2182661
1924698
1855736
1843091
1562380
1899499
1998071
2182436
1718508
1842258
1827745
1900803
1614198
2128683
1930075
1908948
2278872
1950033
1649050
2043791
1679222
1699675
1609023
2018861
1663945
5046083
1824056
1857940
1886740
4386675
1751291
1545933
1561705
1725460
1609202
1649905
2340274
2172806
1764543
1878326
1887259
1919411
1843945
1910973
1867278
1993796
1885571
1875153
1923551
1910050
2113699
1917003
1921773
1901208
1885571
1983041
2303779
1925126
1899048
4491254
1787291
1833618
1857783
1849278
1850313
3240477
1887416
1408052
1647475
2136198
1882758
1933496
1654158
2093178
4203344
1728543
1845790
1650827
1614940
1730951
1598808
3746324
4411808
4981756
1830311
1978833
2117816
1931831
1660751
1652110
1885414
1920536
1956738
1872858
1977303
2201696
3096388
3975599
1514072
5073308
2695234
1860505
1889575
3707534
1653640
1663000
5130031
1685140
1730433
1719385
2297208
1852946
1899723
1857040
3574423
1408863
1602475
1648646
1674497
2957112
1621015
3961762
1994965
1859493
2018614
1613478
1543165
1992221
1950101
1673125
1952688
1630083
2049933
1451387
1620025
1939593
1646957
1596985
1613523
1642412
1623872
1718936
1906653
1657263
1840458
1843113
1599348
1696413
1634695
1637238
2537127
1874950
1719025
1781081
1640883
1466035
1387464
1500550
2623077
1638970
1610980
1697830
1429270
1473348
1636607
1600697
1849728
1591697
1588278
1622208
1605535
1718913
1599123
1578513
1909713
1850673
4509930
1941236
1939526
1873578
1818768
1835485
1862913
4119104
1855803
1338505
3991979
1924631
1580290
1626123
3014645
1696660
1734461
1652560
1654180
2055874
1638475
1621488
1762856
1725820
3515001
1632693
1368070
1227827
1398579
1395813
1386992
2706754
1370117
1463448
1910096
2151656
2221158
1883568
1906023
3024387
1686715
1874186
2019243
1860708
1826193
1868650
3961379
1677513
1732570
1657960
1681316
1691733
1402113
1697313
1730388
2123464
2098173
4258627
1975930
3757889
1896100
1933630
1990714
1932168
2000073
1917633
1713985
1537405
1735900
1388792
1361230
1362444
1403035
2222667
1974423
2135186
1865973
1906068
1956378
3876981
1940606
3258973
1878955
3366771
1861991
1772193
1781711
1791746
1778920
1752348
1913110
2143691
1525502
1615075
1570570
1556080
1795255
4319894
1874613
2852644
1704288
1636473
1315532
1423330
3899954
2005878
1871508
1567645
1606682
4449495
1428347
2057584
1961351
1974019
1925913
2108231
1912684
1884490
1946185
1909105
1959686
1937298
1867480
1752865
1828195
1870608
1854543
1859763
1865051
1878730
1966009
1855848
3174305
4482368
1493912
3723599
1616088
1974378
1832808
1918375
1621781
1314160
1739590
1594240
1641715
1568005
1651773
1674542
1718125
1643425
1628305
1611273
2445371
1399165
1383122
1332902
2087148
1726653
1861608
1745103
1864398
1607380
1851190
2094326
1629993
1602745
1643155
1595073
1620723
1609157
2989377
1873803
1865455
1852451
1855241
1904448
1869574
1879338
1838591
1893018
1880800
1850066
4606162
1911265
1851753
1902693
1921616
1892208
1885954
1860865
1896619
1889688
4004849
1901006
1894278
1942091
1865883
1893153
1885255
1892140
5250676
2695729
1889058
1872971
1859133
1920715
1912098
1948503
1879315
1846893
1387825
1445515
1835665
1592778
1413587
1694905
1658388
1540667
1632806
1648015
4196999
1626100
4452622
2005518
1575813
1713018
1783622
1909870
2893730
1643740
1641243
1645270
1655643
1677198
1525705
1628530
1618382
4719855
1788685
1631140
1614512
1659063
1915541
4218261
1979261
1905551
1950505
2046086
1925351
2064221
1889553
2049101
1906046
3967026
2091243
4594080
1900376
1847028
1885053
1708045
1908048
1926138
1706087
1875693
1827273
1742628
1872723
1784568
1811208
1858166
1810555
1834450
3930171
1844171
1843158
1854430
1974131
2797250
1651390
1642548
1875221
1913696
1853665
1880080
4029149
1873555
1870788
1605715
1556327
1815506
1617505
1651165
2118131
1638678
4445084
1734888
1698910
1620430
2625956
4038216
1842168
1858728
1723705
1903998
1916215
1444458
1721275
1680752
1585802
1637215
1558533
1610936
2074413
1581527
3375613
4196549
1836566
1658320
1816248
1820455
1830108
1883568
1934441
3871311
3319431
3620076
3724004
1673216
1698551
1962589
1888090
3402208
1621015
1636113
1963781
1869505
1914124
1955208
1883636
1597593
1593655
1571875
1606930
1667591
1562268
3231950
4255612
1601305
2206736
1917476
4076084
1596445
1593520
1733740
4789133
1694883
1601508
1691216
1636540
1322170
1334905
1310740
1302820
1610598
1816135
1620565
1611362
1904943
1859380
1869033
1873308
1801285
1849165
3844018
1662617
1677040
1897496
1739951
1621263
1610958
1659603
1600496
2993090
1702083
1634043
1963488
1904493
1943193
1910905
1958650
1931606
1874141
1881948
1946726
1973119
1951248
1916981
1879991
4173667
1982073
1913268
1944430
3627344
1701385
1994314
1933653
1817935
1607020
1828938
1307184
2167856
2094460
1843518
2261704
1699540
1700351
1822143
1705728
1669818
1691373
1660615
1703568
1644932
1866715
2008308
4280317
1870990
3463071
1934665
1935566
2073355
1960046
1925508
1652470
1763800
3573186
1835620
1858998
1632895
1658140
1659513
1644888
1629206
1573068
3078005
1597975
1591990
1489255
1912233
3233976
3269772
1411045
1384427
1365978
1407085
1361185
1365190
1386182
1393405
1422227
1566632
1599776
1595298
1584588
1693758
1486397
1655666
1798360
1902648
4018394
1676320
4834606
2064513
1973703
1886673
1916306
3989392
1698438
1354075
1793478
1672518
1554415
1606165
1618338
1584925
1659738
1571245
1589740
1627113
1554460
1817891
1817080
1839468
3736289
4053202
1803985
1846735
1780810
1888721
1701813
1608910
1854521
1642818
1726158
1608551
2045839
2089758
1640478
1637620
1578850
1624593
1963488
5196631
2697170
1628238
1664351
1646193
1647272
2164368
1456202
1398152
3132162
1323385
1118229
2043296
1933923
1906766
1814966
1893221
1432802
2068293
1369307
1394575
1664890
1723413
1681180
1863925
4357357
1894840
1895493
1901613
1497783
1437280
1348382
1350003
1579750
1887033
3417620
1704625
1374392
1436133
1420922
2171524
4742670
1958268
1930346
1798450
4220872
1583305
1678458
1645001
1884333
1589470
1495172
1559815
1625875
1300997
1328492
1312179
1586928
1569243
1407962
1594826
1629610
3507575
1726743
1432667
1430867
1423150
1359768
2116038
3831194
4364287
4472715
2034521
2004168
1938401
2742349
2070476
1992175
1824303
1620160
1563415
1623378
1577118
1524512
1635168
1693713
1608798
1575903
1554572
1615975
1561525
1634920
4042559
1760853
1788348
1811051
1879090
1650333
1860258
1829051
1853576
2010806
1826620
1862981
1840391
1859583
1665115
1624255
1564585
1464843
1943823
1907215
1825023
1836588
1913313
1674633
4826887
1863655
3949544
2698587
2010829
1861248
1853014
1906001
1882420
1828915
1990871
1984773
1918106
1890880
4274017
3289618
1891016
1872971
1891173
3234313
1831818
2967935
1689438
1810713
2064221
1772665
1826036
1806506
4579320
2887204
1850403
1616807
1647318
3241693
1675848
1638745
1668130
3266600
1852338
1875625
5176763
1894863
1867885
1867705
2150418
1835868
1885728
1762180
1923753
1851550
1818588
1908025
1825631
1885773
1852968
1869280
4823040
1910478
1890206
1900330
1926273
1836205
1857536
1646170
3444216
1637418
1649613
1575655
1602790
1882645
1834473
1643921
1587715
1583395
1966773
1879383
2100603
1818273
1890003
1854880
1858593
3027740
1955726
1913200
3925716
1725618
2076686
1905461
1938986
1757208
2131136
1678030
1685995
1712973
1650535
1660143
4425442
2232589
1899295
1674003
1679088
1919501
1517628
1683926
1660706
1638408
1734528
4275479
2943320
1666983
1714435
1699271
1659738
1612870
2138021
1705616
1681315
1642098
1677400
3738854
1656206
1635280
1650963
1662753
1646170
1688673
2190153
1969090
3341391
4131254
2227504
5477881
1799395
2047458
1661358
1743168
1717721
1686737
1682193
1532275
1755678
1728048
1609113
1669705
3889312
1855623
1642076
1622703
1563932
1823943
1646845
1678166
4986436
1721951
1636158
1664193
1885885
1598110
1621398
1667478
1727193
2058798
2890737
1634875
4107449
1801983
1621736
1703185
1626910
1772913
1580830
1578761
1608798
1621173
3998504
1380805
1385350
1259035
2802154
3176690
2205296
1798045
1869010
1793252
1834788
4638585
1552637
2245504
1612330
1636653
4028226
1671078
1644753
1609540
1645338
1624772
1998161
3054875
2156224
2241049
1799868
1894098
5803975
2550424
1874546
3943244
1923236
2144501
1635348
1599955
4476810
1873848
1609923
1571065
2828817
1554730
1589853
2531615
1592980
1667860
1811320
1587243
1598290
1526335
1856950
2837210
1839896
1820793
1863610
1820883
1584295
2811829
1328245
1353422
1263715
1398445
1266302
1544538
1273772
1509235
1316117
1879743
1929491
1825271
2166056
1921120
1834338
1838658
1171555
2147719
1961756
1887078
1934936
1892725
1775253
3045808
1967538
1988958
1897383
3105117
3472408
2309538
3338083
1901140
1899318
1980700
3865979
4254104
1791340
1693106
1653550
1719858
3333831
4467000
1855399
5217556
1739860
1849391
1876413
1867278
1848963
1786165
2039493
1864690
1922988
1914483
4786141
1874320
1831413
1907215
1665002
1878146
3824893
1427065
5923248
1556237
1520665
1649005
1465675
3943199
1517830
1560130
1737340
4062449
3721101
2308796
1904268
1768165
6195858
1896303
1992401
2395849
1891218
1910614
1901815
1938445
1912840
1851618
1917993
6523054
1967111
1889305
1876773
1959865
1940718
4180867
3648449
1841515
1823245
1848288
1839378
1916711
1870518
2095361
1871710
1988463
1853260
1853125
1885773
1915068
1844981
4752818
1847365
1871553
2004709
1879496
1869055
1584026
3461316
1462142
1416310
1436065
1636473
1625988
5434277
1656678
1703793
1546855
1690315
3438074
1627405
4741456
1931695
1885210
2317594
1980385
1840413
1900083
4842975
1819218
1871283
1870698
1879473
1819803
1915045
1870518
3105208
1913291
1873781
1883658
4558935
1906833
1906203
1919951
3271708
2031101
1956446
1876075
1866805
3109235
1824775
1888293
1820973
3273283
1736891
1869258
10235176
2114576
1871891
1589560
1700508
1430080
1415680
1446370
1421823
1626325
1367935
1402427
1388928
1614535
1545325
1643470
1821085
1595793
1606255
1580628
1681990
2121191
1918826
2277521
1619485
3352033
1667208
1641626
3064730
1815190
1655193
1641850
1656543
1563280
1631163
1628351
3209968
1638092
1595297
1671168
1617753
1673463
1667882
1633301
3175587
1685028
1639892
1624998
1660233
1699990
1627180
1697516
1659063
1681450
1700530
3201462
1691531
1881925
1551266
1903863
3901822
1652763
3805476
1680731
3364948
1646867
1486398
1424589
1823065
2094933
1946253
1832426
1915923
1798923
1683723
1703770
1673170
1639443
1637643
1562695
1676612
1615952
1591765
1577792
1653415
2373912
1668176
4452082
2161173
1959325
1845003
1917521
3653691
2661147
2645464
1962655
4125607
2001401
3045178
2005968
2181064
1893783
1950056
1998116
4584855
2271491
3374151
2240261
4711395
2251263
1958943
1894390
2864007
4143337
1918848
2037536
1968326
4928926
1971138
1928906
4314315
4965061
1974716
1936645
2021966
1797213
1861473
1971161
1971296
2009118
1839828
1939795
2240059
2016633
1945849
1929198
3093013
1647633
2035353
1904133
1868043
1942608
2009861
3289933
1961958
1924518
1918016
1651322
1564585
1653258
4062675
1600022
1592958
2273944
2030021
1587782
1505545
1855443
2716699
1851123
1782295
3179795
2082491
1889846
1874635
1847298
3369785
3668721
1635685
1951608
1858300
1764003
1868200
1880733
1813233
1887191
1833550
3083293
1919479
1892006
2299324
1938648
1627675
1708991
1687256
1645562
2734114
1597098
1624368
1608977
1662752
3697813
1628328
2488616
1956558
1666667
1580313
1713311
4421684
1585758
3311735
1714953
4020577
2281391
1416827
1618315
2354673
1420000
1393810
1938243
1654540
1864443
1880958
1867998
1834270
1883568
3372666
1903908
1908430
1975750
1892050
1927601
1975391
1661088
1541972
1656003
1642638
1631951
4679108
1580605
3918246
1651098
1685208
1572820
1628125
1650985
1637890
1862418
1627811
1673237
3886927
1655440
2009523
1865186
1960901
1970148
2035759
1930390
2301753
3149578
1991186
1920806
1927398
1887101
7430638
1976336
1884490
1931831
1936511
1569332
1642391
1637282
2041451
1630442
1738556
1943531
1973680
5383066
1895786
2019738
1900375
1864713
1679133
1717653
1668333
4021027
1897698
3471373
1898508
1895290
1882241
1867121
1865523
1767490
1899273
1844553
1921863
1864510
3184340
1867796
1849796
1794288
1805988
1879496
1746655
1860799
1898396
3369448
3617601
1853688
1858210
1888653
1853688
1772823
1861698
3659564
1845813
1991703
3007760
1633931
1578333
1549240
3710954
1589313
4688468
1749265
1937928
1547980
1585915
1515670
1632985
2227053
2184281
1846218
1947603
3961087
1884760
1869596
1883725
1908813
1879518
4107989
1882758
1872970
4011711
1913268
1861001
1840233
1861765
1900398
1921211
1820095
2688799
1940134
1905055
3126447
1897923
1969923
1893581
1961081
1895111
1841313
1925059
1912548
1930188
1997913
5042056
1528450
1717878
1660300
1571785
1677176
1641760
1618810
1678187
1654090
3967206
1684308
1711443
1638521
1641738
1620047
3809931
1667522
1728521
1706313
1683296
1694748
1726765
1555855
1665340
1854385
1655890
2494287
2888870
1594600
1652920
1639532
1660705
1681338
1678525
1614355
1594083
3546298
1572145
1674610
1649950
3631079
1638925
1717765
1603892
1504173
1562335
4421842
3427026
1794805
1664912
1589267
1682980
1679223
3628423
1563213
3993464
2398144
1666938
1647542
1645180
1928726
1873758
1784275
1858773
1893445
1811208
1919771
1849998
1867143
1846646
1781103
1829253
1785738
1827858
1818835
1802366
1765083
1820726
1817036
3423066
1856636
3092720
1795863
4432912
1811613
1795706
1893536
1817080
1672608
1923753
1570165
1659310
1615188
1693195
3118257
1700328
1673575
1552817
1681720
1645473
3399711
1368565
2110841
2058123
1868628
1861428
1832516
1960496
2748244
1677333
1823155
2872310
1646666
2663577
4008404
1705323
1666398
1658905
2170849
1872858
1932888
1865208
1977933
1887775
1677895
1599438
3720584
5190556
1444907
2650459
1913650
1598110
1647767
2154874
1870293
4447245
1838410
1884648
1857131
4033784
3527938
1660233
1617617
2099861
4083982
2203271
1435503
1957300
1905596
1857535
1637598
1599910
1596242
1639127
1551400
1838073
2119953
1924428
5598212
1899993
1788573
3908864
1691013
1796043
1595162
2343468
1870315
2028378
1732818
1648465
1660840
1683025
1665093
1928748
1749985
1674227
1799215
2943230
4443487
2111066
1411315
1405555
3862694
2626047
1445200
1457215
3679588
3421941
1711443
1899633
1820591
1880080
7781345
1833821
1852586
1854521
1911108
2289626
1900848
1881453
1882173
1871486
4321380
1859020
3982529
3277782
1620498
1819848
1904898
1992401
1785400
2095451
2858450
1936398
3944999
1907238
1598853
1590797
1594060
1729217
1662437
3188008
1952126
1903143
4286639
1951361
1952576
1889239
2080804
1984076
1941460
1915901
3601603
1701701
1650266
1604523
1645450
2112191
1748275
1716393
1660457
1554235
1653866
2005406
1923888
1536640
1504420
1659107
2217649
1904786
4175512
4192410
1802478
1869933
4991543
1904314
1858391
1822503
1946658
1832696
1782070
1878978
3938721
1801308
2016476
1849098
1943733
2102786
1816248
1897203
1859110
1815775
4557900
1606435
1546923
1965738
2653002
1611542
2260691
1948750
4714297
2187206
1947108
2059248
2895035
1964411
1816361
1840323
1880891
1849189
2291089
1950123
1852698
1854813
1831323
1870383
1901141
1822413
1878820
1935116
1924180
1910119
1627473
1990038
1878348
1804773
1863093
1836475
1877425
1869618
4715512
3089975
1635010
1654135
2993517
1683723
1878888
4235542
1812490
1938356
4280429
1712275
1680370
1521318
1623647
1401639
2450659
1890071
1861001
4062269
1855128
3849869
1831458
1916216
1819240
1905888
1842370
1850111
2168216
2022754
1867931
1901118
1898643
1583800
1682823
3002157
1641850
1863340
1659468
4531755
1958673
1613635
1743572
5135026
2196206
1591360
3782594
2143533
2027456
1853846
1879608
2249127
3899909
2134938
4854000
4140007
1849008
3039890
1900174
1526965
1852293
2102561
1873241
1716191
1650828
2109694
1839131
1877290
3174170
1707371
3874978
1494700
4028901
2673792
3164135
1493283
1605580
1580088
2550132
1685433
2001873
1977370
2380751
1861766
1776018
1773768
1859335
1870159
1840481
3063898
2392181
1802388
3189898
5870529
1948413
6043825
1911423
4089651
2255629
1652628
3878309
1835778
1977439
4054732
1884063
1700980
4017022
3721214
1721725
1669728
1676253
1817553
1633526
1969474
2033194
1886110
3942164
1945173
2003471
1951338
1877470
1967381
1963376
1990803
2448882
2069058
1850943
1938694
4456987
1920918
1956265
1734865
2399179
1928501
2003470
2974055
1640411
3296773
1635662
2697664
1842370
2300832
1992738
1965266
1970373
1985696
1934779
4192747
1891735
1890408
2001469
1682890
1649905
1632895
3412288
1647633
2379064
5846027
5895527
2001086
2354674
1949358
1789248
1660390
1642975
2994552
1980858
1865051
1895133
1801826
1847118
4665113
1911693
1887551
1864466
2001086
4395855
1994134
1917296
3921734
2347317
1946568
1908633
1759098
4327859
1838141
2065413
2009163
1881341
1867031
3890391
1843361
1860033
2473969
1888878
1921908
4864283
3499588
1866176
1881746
1971251
2803122
1347257
1304034
1308107
2194698
1854678
1901838
1729848
1579728
3586416
1656520
1596941
3307415
1913785
1959123
4225710
1914101
1858368
2054434
1933969
2016115
1894098
5111738
5135723
1896821
1915383
1646125
2109514
1633638
1918916
1902265
1949741
2196341
1852023
1806370
2262514
1925283
1995573
1803940
2093561
4366335
1881993
1898756
4291499
3876419
1602497
1676523
1663968
1644776
5076188
1612757
1850696
3504876
1931763
1849930
1839581
1943688
1849593
1621217
1614108
1655103
1887505
2176069
2573127
1614940
1954511
4595025
1956063
4445894
1830806
1576532
1613995
1814425
1917340
1900713
2277116
2047571
2384936
1861136
1846173
1710521
1375540
1367417
2031416
1829815
2013191
1650602
2423096
1713580
1712297
1694995
1666420
1726900
1703455
1676522
2101458
1974806
2003313
1977393
1973254
1840526
1953139
1993120
1971723
2040191
2069463
1945983
1978609
1992941
1941349
1966818
3403288
1955725
1928996
1951405
2876089
1929356
3108087
1963983
1928658
2007049
1909601
1889823
1955815
4296742
1976493
2315254
2928920
1912548
2029166
2021449
2585704
1850673
1830963
1930391
1772643
1599482
1676185
1671055
1662775
1654608
1658410
2029795
1815393
1892545
1829141
3080885
1800611
3472634
1976313
1852541
2086788
1787583
1829343
1869663
1872611
2009163
1843991
1821310
1902761
1843676
1863588
1988036
1619058
1669525
1696796
1681631
1998949
1998588
4401547
1820253
1695445
1698257
2153546
1882533
1987788
2021021
1951023
1931314
1875558
1849368
1909173
1849661
5756049
1754463
2455721
1780338
7672175
3409476
2009479
1969608
1867098
1986889
3935684
1868021
1429382
1400290
1405645
1410573
2973672
2024170
1662370
1703028
1764206
1695873
1584700
1746746
3873359
2343042
1698055
4337804
1336502
1522915
4645583
1607942
1649343
1748568
1974514
1614760
1544718
2063523
2046964
5125171
1988779
1943351
1950505
1959461
1883658
1848963
2420486
1904965
1911198
1998589
2178386
3361213
1972759
1603105
1655845
1735608
4037925
1624616
1738240
1649163
1594420
1695018
4724536
3221286
2050360
1899296
1818902
3397730
2059203
1770707
1931515
2043476
1912098
1858908
4004062
2046490
1866918
2102381
1869933
1861158
1631613
1986888
2027726
1883118
4273904
1669390
3989729
1703523
1742313
1962949
1874883
1959528
2174134
2094394
3733387
1648150
1731603
1592687
4113772
1605332
1538733
1362580
1767086
1514208
4892296
2019671
1877853
4133752
1864443
5361713
1962520
1735945
1754711
3444103
3533945
1891016
1888540
3751634
4785173
1945984
1619485
1695445
1634537
4464727
2215173
1889351
1939256
5838197
1972893
1702353
1700800
1813391
1673013
1697898
2033284
1978001
1925778
1959348
1858503
2036725
3659383
3102778
2093381
1745530
4613093
1656903
1916824
1843856
5326298
1941056
1825405
1809025
1960833
1999871
1973793
1896550
1954376
2258239
1576285
1615480
1927713
1707483
1683655
1642930
3597688
4015019
1675578
2046288
1932236
2094034
1740445
1612825
1626460
1703568
1632850
1640748
3907537
1873533
1928815
1957750
1883388
1904560
4578847
2008579
1966548
1994628
1931944
1900533
2034273
1949718
1883118
1745238
1928681
1940448
2272099
1951136
2196566
2338204
1827566
2914678
2057875
2023361
2283417
1918151
2179308
1976583
1944431
2061768
1858886
2189479
1970845
1961913
2526844
1933833
4458788
2070746
2121821
3559731
1906496
1865838
2214926
2003043
1977033
4552882
1952464
1908431
2380437
2927052
1912886
2800760
1929265
3280662
2388964
2285036
3602189
3406573
1934216
1965513
4699673
1984323
2069553
1962994
1982096
2005023
2045929
1948009
1917003
1945600
1979328
1962476
2396997
1906923
1905708
1955208
2810074
2447352
1933428
1973613
1887460
1937973
2199671
1914821
2103641
1834428
1657195
1662280
1710745
2217941
1939773
3514708
1936196
2268207
1900511
2085911
2045996
1909849
1893288
1972174
1955905
2004596
1940290
4611832
1648015
1541162
1669525
1602138
3618614
1646327
1712792
1568275
1623288
2012066
1669278
1634673
2851340
1635483
1905843
1662191
1707461
1656790
2086856
2481664
1979059
3659833
1921795
2051171
1955748
1931088
2097206
2297546
1728386
2029661
2461347
1941529
2011616
2123104
1984144
1966458
2939337
2017579
3594853
1658096
1672990
1998273
2458872
2022820
2252501
2208266
1956355
2390516
4274039
5075244
2298243
1670110
2340634
1948773
1959146
2161871
1997621
1816900
1928770
2790612
1983918
1958763
4268482
1578692
3778859
1926026
2023181
1902514
1936578
1974266
1953003
1961058
1991186
2398481
1778155
1942563
3386908
1884130
3387943
3524451
1886470
1831706
5186978
1897226
1836475
1837938
2087486
2560774
2249734
1916800
2717825
1853283
1916936
1927443
1969540
1978698
1967380
1968280
1820186
1702938
1723526
2007948
1905663
2253469
1780450
1688740
1645630
1694275
1691621
1702848
1572258
1939683
1971161
1921481
1976763
1893918
1939548
2260737
1996496
1925531
1874658
1703928
1560355
1753226
1791161
1662033
1611992
2415266
1679403
1637350
1685298
1664800
1722536
1885120
1654472
1651188
1682621
1948098
1566183
4185277
1538125
2752834
1599483
1588908
1879158
1896326
1858930
3852771
1845656
1872160
2446586
1925801
1969720
1937276
1631118
3398855
1558892
1517740
1644348
1634628
1675061
1630668
1608415
1863498
1928231
1926475
1973501
1844531
2002841
2173661
2139303
3494931
1981421
1880711
1908273
1936308
1915900
1977235
1932168
1900668
1973794
1881363
1923821
2134736
1897046
1956243
1922921
1937815
1835283
1985786
1844688
1871396
1958156
1988373
5515771
2000321
1849345
1819218
1819173
1937118
1995775
2728040
1635731
2262919
2873862
1650760
2877530
1690968
1631342
3063740
1624548
1808891
1927083
1908678
1901208
1869573
1910433
1878078
1901545
1915000
1919770
1926026
1893400
1904943
1915271
2400798
1955906
4202151
1871710
2650684
1597075
1697087
1882623
1879113
1932686
1970891
1826102
2004506
2014113
1857221
1852023
1990195
2001694
2059001
1917341
1963556
1929176
1941911
1878596
1934846
1942631
2061363
1976020
1912998
2062308
1986213
1981916
1959754
1946681
1978946
5508302
1945803
4844843
1901163
1934170
2257833
1906271
2011999
2768225
1866356
1940448
2787777
1964096
1962251
1909015
1943463
2080286
2433806
2028378
1989769
1901590
2008669
1900758
1741278
1712478
1342195
1335039
1918443
1892816
1943711
2089151
3266128
2013709
1910118
2224376
1904966
2073446
1962205
1677671
1626911
1948481
1888630
3698038
3077060
2000883
1962205
1954781
1975098
1950821
1964231
5032830
2116173
1966301
1970621
1912278
1954038
1345592
1309682
1305069
1322102
1337605
1325657
1347325
1345300
1341992
2409933
1369914
1316792
1523365
1603712
1789180
1962003
2020774
1876120
1874568
1897495
1863836
1870180
4906966
1982321
2594366
2864075
26377783
2864525
1941664
1887078
1851550
1904380
1888135
1949133
2408562
3711673
1859673
1889824
2068676
1872903
1837758
2207051
1934823
1835058
1992311
2072299
1985178
1934868
2166978
1432217
2146773
1350048
1611295
1614850
2300922
2229641
2141194
3291733
1485767
1187439
1075322
1089159
1094019
1077211
1084276
1093299
1078090
1920513
2282718
3296368
1602093
1572348
2864773
1931966
1823965
1924900
3298910
2088139
2075876
2032271
2261343
2092773
4219342
1508875
1990263
3693494
1907734
2119279
1918938
2199266
1787358
1925080
1907485
4513867
1671326
5413239
3875474
1952981
2129314
1888473
8728935
1630240
1630375
1800161
1886381
1855466
1638475
1708608
5200974
2293001
2840585
3625814
1865996
2296579
1714525
1687616
1747398
2324996
1929041
1913088
2216321
1938985
1953701
1847478
1749715
1694905
1989836
1637643
1679088
1613793
3405696
1678323
1636788
1653730
1660975
1655418
1781396
1617235
1677243
1669637
1590955
3370033
1891218
1600248
1684937
1663518
1730275
1368227
1378960
1332565
2254054
1793950
1893693
1674161
1748905
1666691
1674475
1605445
1879878
1633255
1691350
1536392
1645495
1605760
1670335
1769898
1733853
1661628
1629858
2381629
1656655
1704378
1582878
1610980
1710385
1622771
3296345
1550725
1911851
1871643
1953386
3812879
3807254
1953048
2012943
1970395
1934014
1929446
1942631
1802231
1998296
1801285
1826913
3041149
1957549
5039198
1949786
1940853
1956018
1838050
1910816
1939278
1912818
3245990
1989116
3043287
1887910
1994403
2218189
1987901
2124904
3850499
3973079
2941182
2247011
2140249
1926183
4972530
1769088
1899498
6209335
3285410
1954240
2004168
1921885
2021471
4537267
1972893
4115302
1661358
1849121
1868718
1903615
1974851
1970508
1907823
1635235
1692768
1869438
3942119
2367049
1988418
1990196
1894570
1953004
1707573
1767041
1619418
1578805
1664711
1750233
1544538
2059743
1933338
1886066
1805335
1758580
1775208
3923714
1852293
2281863
2105553
1936646
2038661
2107534
1740738
1697921
1310717
2119706
1706448
4003319
1788708
1902423
1924991
1942023
1785266
2174224
1975188
1777233
1877133
1651795
1393563
1442455
1405757
1627338
2373146
1430237
1717450
1708427
1693960
1659805
1643965
1638430
1688943
1645990
1800700
1959686
1926476
1741593
1554550
1821805
1652268
4515150
1878281
1876773
1846983
1744945
2076551
2454394
1889373
2552471
1786818
1889418
1890340
1810241
1853485
2179444
1885278
1842686
1963376
1614220
1503430
1547013
1931358
1988464
1912300
1900286
2052431
1861383
3001235
1903300
1846016
2319393
3977061
4661850
2731302
2460289
1968124
1927286
1928996
1963893
1993976
1984458
1976313
1934305
2504164
1782453
3117200
1846488
2040529
2023339
2106949
2879848
1953048
1686198
1746701
1693218
2136176
2143353
2019739
2032114
2197736
1933000
2350399
1970328
2107331
1912976
1693555
1694501
1742875
1677310
1764273
1687120
2086699
3713676
1893671
3543801
2274686
3175610
3026772
2003021
2399899
1884423
1946793
1976606
1973569
1990556
1922561
1994223
1915653
2072816
2448431
2117861
2884684
1696188
1897384
3476841
4438920
1723210
1538417
1692812
1638970
1697538
1814291
1747083
1748027
2372898
1979845
3365218
1980678
8099113
28364311
1689663
1963939
3894307
5431284
2039606
3269795
2646544
4403122
1847815
1836453
4763303
2067506
1826351
1869956
1858616
1863115
1839648
1956423
1863251
2250588
1883568
1886650
1919793
3456974
1765353
1882848
1965895
1958313
2095428
1925980
2214567
2178206
2617542
2124251
2333029
1994786
2008803
2133048
1915833
2015396
2068226
2280491
1796246
1877538
2183538
1692048
1672180
3407991
2162389
1910051
1879136
1898576
1873061
1789788
2102471
1866783
2909795
1707460
1612892
2012088
1889463
1521183
1415724
2038346
1854678
2934905
1774578
3169490
2436664
2200841
1928186
1908476
1903300
1896888
1917588
1908903
2027793
1825563
1801083
3724453
1846061
1935094
1598200
1693893
1508380
1636653
4062697
1716393
3003035
1819736
1867188
1899769
3550483
1885593
1876908
1860056
1853913
1911715
1944678
1840526
1946478
5030333
1996856
1858841
1798788
4487385
1882106
2084381
1922156
1726315
1708743
1972128
2289041
4439010
1864285
1656092
2324434
1951249
2174673
4366964
1657353
1671078
1632715
1650715
1595117
3481835
2105081
2070295
1958223
2385319
3517318
1688425
1673913
2055311
1798900
1638476
1656475
1735788
2039358
1672675
1614872
2104991
1668558
1660862
4237882
1441667
4096942
2004888
3224008
2160904
2171816
1937861
1922066
1918285
5003896
1919366
1886785
2066088
1991478
2003448
5746509
32379622
1667635
1892276
1773093
1551625
2092593
1860484
1970418
1906675
4821083
1693803
1692723
5006820
1821242
3489575
2377669
2692399
1934958
1850516
2815812
1443467
1359227
2316491
2612029
2348666
1871733
4291185
1871036
3010617
2292619
1861090
1698100
1647205
5001466
1924698
2060081
1634403
1631973
1614872
1584182
1775050
1691823
1607447
1765285
1660075
1953341
2213306
1981398
1944949
1997531
3920024
1998093
2050023
2023339
2043431
2227661
2207119
2174359
1990691
1844733
1676770
1636428
1819195
2121416
3987929
2074323
1824573
1677220
1543390
1414735
9469770
2278399
1998003
1973590
3552710
1669818
2151544
4176299
1989701
2393734
2915353
2151836
4635930
1871891
1886020
2165583
2074616
2124364
3505168
1912368
1903975
1961643
1977754
2867517
2045118
1935724
6731403
2330576
2695392
1980363
1978001
1628170
1950529
2742934
1740018
1836476
2355304
1922021
4062516
1630960
1598515
6588146
1982299
1722063
3595146
1405465
2325266
1892119
1843720
1855106
1893603
10890985
1858031
1639060
3938316
1651345
1664981
1614490
3646064
1660210
1553155
1385575
1363997
1603308
1634538
2675704
1832583
1902715
1895651
1885593
1985561
1731850
1949268
3281540
1887123
2032023
8216451
1692452
1668243
1591225
1749648
5006663
1968393
1693847
2211978
1591563
1600113
3496933
1533873
3911856
2124499
2012110
1957436
3953504
1792286
1623692
3318261
2089601
2260309
1859763
1820995
4080134
4807110
1907868
5022706
1568860
2284496
1641782
1659805
4885906
1926611
2574207
2087036
3348726
2053690
2729142
2084245
4663875
3776114
1693038
3677789
1666960
1747420
1619058
1783735
1650558
1998319
1968865
4716931
1878078
3508251
3053682
2153883
2079521
2015621
1796786
3186770
2537937
2206489
1558982
2016003
1972533
1560220
1719746
2273966
1937973
4473772
1860325
2370266
1922561
1726383
1828668
1857806
3404391
5606604
4090079
1888991
1881768
1934193
1947085
1933158
2097138
2117906
2017578
1988441
1894773
1909173
2003560
3171807
1933203
1971340
1869123
3780974
5016631
2015149
2843329
4480657
2321149
1707122
1983694
1924495
4376437
1860483
3210913
1892524
1643560
1329122
3958612
1669908
1668198
1668220
46063222
2572880
1897721
1901681
2060351
1947693
2235604
4855193
2155054
1646620
1976246
1943779
5680854
1890836
1928928
4025212
4077862
1791633
2078238
1908566
4069672
4078424
2159914
2095878
2105914
4534995
4113276
1871913
1862350
1878573
1886831
1872160
1839108
1891983
1868223
1927376
1887775
1862756
1901456
1856320
5389367
1898509
4652400
3135290
1288735
1487972
1947333
1873961
2196004
2563970
1930909
1984683
2095946
2040304
2090906
4252327
6745601
6613504
1754890
1683431
4306553
2025814
1706538
2008893
1867480
2067776
2017375
2037490
2254188
4656135
1636832
3411141
3217393
2637544
1807810
2225748
2019468
4561455
1858818
2010514
2112799
1852585
1999240
1680461
2776549
1698100
2215196
1648870
3598656
2120583
1974356
1932686
1877156
2027231
1956153
2201561
1461557
1513150
1661043
1896236
4934888
1690922
1667815
1729600
1831953
1638678
1437190
1376417
3130610
2126883
2305398
1976539
3036380
1922133
2023856
3359773
2096531
2039156
2054973
2049348
1874838
5999072
3650316
2047211
4064744
1667500
1588053
3454610
3468854
4456335
1758986
1698663
2356699
1940336
1976223
1915563
1945061
1949899
1951338
4408837
3021778
2247236
1929536
1953295
1909893
1697561
1666420
1729667
1660502
1676927
1544942
1649118
1825046
1695400
1814942
1640567
1700058
5198183
1589875
1651773
1878618
1669886
1826598
2943365
1687503
1638250
1740468
1655440
1601958
1643830
3375005
1777008
1751358
1655530
1783510
1758963
1616178
2853343
1622185
1911558
4104524
2742552
1903030
1899566
1923326
1909578
1902423
1896686
1882308
2599609
1971251
1806596
1934035
1967763
1928568
1911176
1775478
2032361
1909016
1611992
1906608
2205049
1907733
1858030
1811365
1661897
2565927
1982590
2392564
2026309
1894413
1865771
1875873
1852225
1836678
2083975
1942023
1942135
1980835
3652521
39369551
1896866
2149338
4402357
1864938
1876480
1637463
1642975
1729893
1633885
2179961
2065255
1901839
1911895
1993998
1824617
1639668
3090267
1773498
1613298
2683647
1900578
1615300
1610395
1753878
1997643
2284879
1939075
4971945
2195801
1680821
1971295
2099028
1961666
1985021
1721973
1658230
2033913
2048673
1905550
1926903
1868628
1900600
1928343
1564630
2104834
1985943
1882218
1740108
1593971
1872161
1882308
2097566
1630645
1625042
2002953
1896573
4118362
1965940
1621780
2294464
2055401
1864849
1866085
1892230
1952441
1928433
3812091
3698398
2113698
1918983
1956716
2105036
3604326
1967966
2230159
1964006
4151955
2084899
1948570
2049596
1857783
1849571
2182931
2002504
2040258
4722196
1794851
2278354
2297366
2019220
4532677
1998498
1980588
2222306
1704693
1682756
2044601
2050811
1929603
3486043
1653078
2246606
2008330
2466769
2193978
1799891
1826756
2528307
1898868
1425062
1824460
1942676
1642750
1755093
1641760
1889485
1636292
1643515
3143615
4780830
4034527
2003651
2120021
1960159
1751200
1681540
1921998
1913875
1978586
1990421
1927353
1794378
1890026
1921908
1721117
1841740
1678547
2265506
1641445
1930390
1930166
1989071
1974963
1632626
1919771
1650693
1717045
1365662
2049911
3435328
1988238
1921256
1683341
1634830
2224196
2188646
1987923
1937681
2010716
1983896
2023990
1844035
1998071
1930188
1917949
1935566
1919433
1976088
1986618
1932551
1929513
2434257
1624840
1377745
1408435
1392955
2248474
1698866
1947063
2097363
2693885
1595658
2463394
1577207
1538957
1310155
1727485
4908428
4130557
1997193
1907193
1699721
1943193
1641940
1752167
1999556
1966255
2334761
1893085
1846511
1421485
2140248
1866918
1884153
1935858
1399772
2524572
1469433
1780923
1616921
1092805
2152939
1940403
2438487
1703680
1470332
29981884
5211008
2332916
2106025
1516503
1432353
1633368
1975346
1898058
1832223
1378375
1301380
1291232
2385814
2019805
1947378
1912795
2168148
1686558
4533960
4036147
1931448
1949223
4361160
1648442
1944003
11767745
1848400
1952531
1942540
2321621
1942271
1864938
1877290
1878078
3844672
1940831
1948233
1903863
2008668
1847860
1701475
2333254
1981825
1941978
1946613
1937703
1993841
1892433
1406162
1936150
1893513
1846916
1816248
1811073
1899071
2017151
2109648
2077001
2148191
2132486
1946299
1978991
2269354
2087396
2079206
1919996
1865005
1874478
2010423
1935228
2080983
1909218
1893850
1874501
1888676
3413886
3515518
2031956
2411059
2047030
1976989
2082221
1808486
2089511
1652245
1722558
1867908
1967560
2050811
1995708
1959551
1944880
1920199
2229168
2050923
1742516
3936966
1935408
2071871
1720263
3647076
1918061
1956445
2152084
3470293
2164729
1931336
2242579
2135208
2921990
2233242
1988598
1926251
1974423
1998025
1984076
2026893
4050479
1920468
2066943
1933068
3547851
1839378
1964321
1927061
1921323
1982006
1854746
2018118
1877381
2160026
1660345
1721478
2243321
1680933
5672889
1970396
1788933
1707910
2281414
1908048
2497504
1905168
57802707
1666983
1652943
1689528
1977416
1663765
2069665
1892928
1922673
1734528
1905460
1916913
3092045
1767175
1909150
1608505
1991703
2477659
1947400
1871665
2008196
1970193
1816203
1730253
1616020
1907868
1881476
2415829
1971273
1929423
2085213
1957953
2009523
2262761
2267688
1952216
2502252
2021605
1998183
1753360
1671933
1906113
1912346
2308571
1938041
2077833
1982703
2001130
3391655
2395849
1409560
1737408
2100334
1930301
1915968
1584655
1456743
1306442
1636405
1682710
2933780
1701722
1400380
1414127
1396353
1348585
1682057
2052453
2945840
1901456
3849891
1646260
1837758
1879360
2316941
1983153
3766551
2998715
2062533
2123148
2165089
1764858
1991726
2057741
1803918
2181289
1915360
1881543
1963263
1930840
2017105
2637162
2222779
1820455
1669705
1369509
1364649
2007543
3920632
1961126
1916485
1868515
1940629
2342569
1873083
1965490
1695221
1664912
1588840
3955821
2044759
2113069
1600157
6564340
1942473
1637462
1967021
1933676
1898351
2193686
1894098
1980048
1873848
1850920
2006913
1706246
1693240
1639443
1602340
1705435
1647700
1699022
1655958
2120313
1837308
1895651
1926453
1591315
1978225
1877583
2008083
1942856
1992761
2015688
1773161
1700800
2131968
1650401
1552390
1621848
1868853
2890534
1999691
1675263
1646845
11598724
1577905
1577657
1658793
2042374
1622703
1833528
2121438
1944116
3615014
1877471
1860438
1946703
1911626
1856546
1886696
1831728
1897720
1872543
1894751
1889733
1882465
1866086
2090096
2756300
3438883
4670310
1860798
1840660
1888158
2084650
1902873
1972308
1959573
1910500
1932640
2160791
1982320
1890655
1975773
1898440
1957795
1958291
1975054
1941820
1978495
1963196
1943014
2007453
1813053
1826710
2205409
2055446
2181986
1821085
1861721
1772395
1524917
1707798
1668985
1806708
1651457
1627023
1639622
1794355
2045276
1572033
1606615
1563122
1860933
1899566
3767676
1585061
3732936
1628665
1847816
1662731
2051576
2262693
1934193
1919568
1913156
1873038
1919005
1963623
2835297
1863003
1880238
1939436
1934103
1918105
1938446
1911828
1823155
1855196
2027298
1956175
1945758
1888721
1921481
2981614
1939796
1945128
1878483
2869384
1847163
1861226
1802028
1668873
2015531
1616740
1675241
1596266
1642165
1709867
2128931
1910141
1896866
1887640
1893828
1872993
1988148
1988350
1889620
1996204
1930076
1953048
1889891
1939886
1940403
2010041
1938154
1935295
1924676
1617685
1576645
2025678
1629902
1584385
1863543
1826373
1788573
1814785
2073333
1869281
1870833
1560557
1989949
1951720
2060238
1834316
3376108
1676613
1642458
1642188
1854588
1845048
1627136
1568410
1893490
1881498
1830333
1940650
1479198
1430822
1404069
1545348
1665251
1889080
2060778
1929558
1606525
2379761
3148745
1801870
1833100
1834405
1862260
1815371
1868673
1707685
1605513
2755737
5900702
1624121
4950435
1977034
1889778
1900533
3854459
2013956
1858143
1902513
1881160
1937905
2403904
1956176
5320201
1985245
2006104
1959821
1980993
1940268
1995596
1653685
2129381
1952711
1997643
1718575
2037221
1750008
4137622
3708884
2067933
1931560
2192921
3692436
1677063
1657532
1947131
1953340
1727531
1676095
1899768
1915519
3991934
3541033
1922516
1969023
1898688
1633390
1950911
1754373
1650873
1952036
1692633
1976448
1795840
1708382
1686985
1669548
3741981
3285523
3282351
1389962
1409335
1470107
1425535
1938064
1648015
2128099
1652066
1980071
2021021
2066403
1988689
2079228
1935183
1894301
1985471
1658500
1701610
1945579
1855375
1953588
1939189
1849975
1862103
3315853
1925193
1889643
1905484
1891128
1877043
1974063
1670065
1640590
1644235
1755093
1664193
1993548
1900421
4373175
2005923
1987833
1892365
1964658
1842460
2063433
1865928
1685545
3387201
3247160
3657606
2102066
1319222
1614918
1920108
1944746
1926385
3792719
1870721
1856320
1974041
4006402
1999961
1906293
1794243
65771815
2630412
1929805
5472594
6815712
2257473
1972578
2236278
1959708
3716781
3575593
2160206
1941078
1680190
1938085
1883298
3499251
2186036
2106858
1888900
1835823
1860528
2126208
1811545
1863228
1916103
1853058
1874523
1837623
1888541
1927803
1948728
1938243
3207650
1939683
1983941
1945331
2273292
1938356
1982455
1921031
2045118
3607904
1727733
2226648
1930864
2017488
1925599
1642097
3524136
1634605
1653483
3826378
1643088
1668288
1620768
2030988
58986501
1646035
2757334
1884131
4339289
1513960
2077563
1647790
1568478
1599168
1620655
1830468
1718081
1370927
1616245
2341039
1671910
1710206
3020518
1691891
2008151
2115319
3308271
1554550
1397815
1171824
1520867
1623265
4361452
2276396
1963870
1875041
1910388
1846285
1979081
2091289
1896169
1864309
1701115
7399137
2188353
3263495
2373889
1684871
1699046
5208399
1606885
2100851
1884513
1875333
1928096
1765241
1905460
1651570
2298086
1618450
43275693
1679493
2280874
1929783
2177756
1818498
1903840
1847816
1925935
1988598
2852555
2044420
1959439
1712343
1429742
1390119
2184574
1681202
1941348
3653826
1894841
2007408
5212066
2399787
1927781
1826283
1827520
1955636
2025454
1878325
1993324
1942405
1860978
1904561
1411990
3634656
1680775
1940651
4161202
1871620
1864443
4236150
4137171
1389130
1602902
1907778
3495718
2792480
2092233
2434211
1950506
4000282
1628711
1649680
1639645
4030409
3797848
3410286
1884378
2276936
2062534
1951653
3524293
3488946
1987024
1883658
1910748
1852743
2047346
1915878
1971768
1858098
2181199
1906158
1690856
1944769
1904178
1900398
1498007
1391987
1622006
3783089
1627405
1712636
3337655
1927646
2022169
1892478
1983896
1883388
1887348
1930706
1917363
1941011
2151544
37739492
2775582
2046626
1843721
1910793
4104209
1961666
1965288
2879847
1959731
13912942
1058177
1605895
1738983
1785873
1716730
1594195
3470496
3906772
3657854
2105869
2413782
1648150
1910725
2334469
1937906
1922403
1942765
1949358
1957233
2051958
2095585
1933541
1884558
3990697
1687862
1876143
2149789
1843001
1930413
1831368
1864510
1887055
1830625
1902108
1686040
1821828
1366944
1644596
1647272
1679582
1637193
1561277
1664845
1649927
1453952
1354614
1618428
1904538
1607741
1400762
1556822
1395407
1407715
1397635
1830895
1626258
1695625
1363480
1644820
1620768
1677176
1687277
1711397
1929828
1991118
1997373
1936668
1786256
1884221
1890993
1929535
1865770
1720623
1651053
1678750
1647655
1645022
2259116
1626707
1933451
3186231
3465479
1534727
1605648
1757815
1765128
1813908
1703861
1800048
1563258
3328228
1872453
1681383
3948217
3376356
1801465
2090726
1733335
1615975
1751425
1644348
1819465
1646485
1279869
1669233
1814358
1820455
1864330
1788461
1761933
1415590
1926340
1858211
1893085
1650557
2093831
1894413
1666196
1682103
2037176
1629992
1538125
1670111
1756668
2007296
1942834
1925260
1645090
1644213
1825158
1659220
1648735
3465659
1643785
1804773
1739410
2016094
1679133
1641558
1375494
1508987
1089429
2141981
1912345
1941348
1909240
2103506
3515676
1923303
1968664
1954331
1873983
2004191
1962813
1875131
1926701
1951316
2400912
1872925
2209368
1930368
1888945
1860191
3019302
1893535
1863273
1858368
1895875
3976544
1350317
1980768
2266001
1899926
2096959
3234605
1985448
1892838
1947738
1841651
1990803
2035420
1975458
2128459
2022529
1863655
1979846
2036950
2034993
1884738
1943530
1740940
1623670
1622005
1852360
1779056
1730748
1915069
2446069
1878685
3770917
1800025
1371648
2117321
1850268
1809093
1840818
1926926
1809115
1646328
1658275
2169364
2300472
1831593
1937253
3452045
1866851
1940673
2112911
3839788
2677819
2073131
1962633
2209526
1863453
1910119
1826778
1951608
1823853
1865006
1898621
1824235
1630240
1567735
1581078
1626798
1839536
1868021
1608347
1588232
1855915
1654563
1657736
1631028
1871238
1876683
3489801
3264395
3743646
3384793
3450763
3495988
3857924
1499830
1407175
1837690
1576757
1705008
1621127
1636990
1575970
1927038
2039178
1852068
1942406
1835216
1605243
1866108
1603622
1896595
1666645
1613297
1620723
1318255
1707820
1626460
1568612
1623333
1618720
1613343
1585015
1585758
1630420
1606390
1937883
1666263
1257617
3818144
4048679
3522381
1867503
2167563
1889238
2625866
3324426
1783690
1866288
1926610
2092390
1933968
1988621
1680461
1895066
1909398
1857626
1635731
3242727
1885278
1954151
1929581
1816090
2332332
1612668
1590077
1569040
1574327
1583890
1649073
2194923
1623693
1823785
1853418
1828285
1818881
2376701
1842866
3536129
3654793
3411501
1814808
1879383
3669733
2328956
1892568
1929784
2974932
3886476
1831728
2208919
1986168
3895723
2000569
1642885
1724156
1693713
1890071
1888428
1880576
2046446
1892163
1948458
1910433
1586702
2613965
2018230
1845813
1886110
1871125
2200324
1631658
3706521
2177103
1905618
1952891
1933631
1941438
1950596
1915698
1776783
1829163
1843360
1908835
1949448
1658680
1623670
1637148
1591180
1557565
1624143
1623625
1591968
2911370
1604185
1682395
1599797
3828741
1547845
1563528
1860551
1887191
1328515
1600653
1590392
2227526
1579952
1598313
1629115
1890903
1890611
1890813
1875805
1834293
1862171
1854206
3177410
1826216
1852968
3540268
3789996
2607575
2198703
1419977
3830766
1835553
1867323
3388010
2008961
1874838
1718463
1590775
1678413
1594713
1650468
1699406
1353153
1633637
1315645
1382312
1622477
1597503
1596243
3779984
4220511
3632158
4086052
3089008
1634627
1659356
2196701
1833258
3365375
1237412
1335692
3292318
2368421
1896686
2121303
2048561
1961643
1987789
1815731
1901681
1880013
1861923
1787493
3803294
3144380
1888585
2228944
1904201
1866198
1802501
1855825
1933248
1912391
1880396
1829636
1871778
1784411
1774105
2028311
1375764
2323579
1746656
1589403
1998273
1634493
1677535
2013843
1591045
1846825
1832493
1875671
1907575
2082379
1856771
1959258
2221631
1830603
1843136
1879698
