3035547
2593512
2543629
2867202
2483307
4212997
3072807
2953354
3006747
3401375
2770587
2955425
3436633
2732742
2479865
2759427
4188314
3145348
3406100
2988477
3605316
2982537
2964717
3368683
2915713
2502499
2793379
3689039
3025062
3732778
3041263
2967935
2969038
3464354
3303410
3691941
2553417
3782458
3180538
3024365
2972817
3201237
2948292
4376662
2603951
2387569
3597621
3168748
3453643
3689939
2947843
3913184
2819615
4172834
2775110
2056346
3013407
2872400
2680609
2997230
2437159
2860272
2847942
3365713
2821527
3888209
3041330
3235753
3194780
3867756
3963764
3444238
3407698
2780082
4315507
3617534
3370415
2976755
3000335
2936345
2877012
2891548
2938775
3004722
3221217
2956752
2599114
2804607
2991672
4011172
3107525
3015208
2986137
3100325
3152750
2943860
2898229
3277086
2880162
3606283
2595064
3135942
4105469
3253213
3116435
2564374
2886665
3818548
3055775
2902775
3246260
3012620
4012701
2667942
2923452
3080278
2891479
2488774
3945246
4036597
2791714
3091123
3032487
2930383
2942375
2941970
2934049
2994710
2923362
2975315
3070963
2909682
3948644
2975473
3034850
3065338
2986160
3052940
2892785
2893010
2931507
2937583
1923798
2854467
2913327
1959213
1937365
3273261
2865785
2858495
2837592
2838087
2901830
2852284
2827377
2896745
2843712
2869700
2942937
2844859
2928942
2924802
2861600
2880184
2905543
3546231
2148281
2525202
2462922
2593714
2450569
2424829
3476593
2652124
2481912
3171537
2929932
2956437
3040452
2897533
3015252
3015027
2876743
2923610
2921584
2991560
2986137
2996172
2998535
2979545
2933015
2835117
3003980
3069613
4093499
2663352
2458827
2780465
2541807
2934770
2919357
2927750
2848212
2889297
2756795
2558749
2715641
3019325
3297852
3771006
3032623
2483824
2934275
2899917
3561891
2796710
2688642
2457499
2399809
4001069
3457468
3329488
3149420
2561359
3244752
2962130
2876450
2903405
2960847
2879780
3013114
3387583
3492613
3007828
3133760
2571372
2453494
2998310
2973627
3009335
2851992
2917198
3120867
3979064
3043423
3110721
2971332
2933848
2479707
2376049
2462359
2496469
2460896
2505402
2876337
2906983
2905677
3420321
2943793
2621727
2666862
2918795
2970410
2873187
2839437
2702254
2621300
2628702
3761016
2457724
2237381
2668594
2912405
3359008
2509969
2157348
2767212
2442446
2493431
3367918
2996015
2914947
2942397
3001752
2941475
2864997
2910177
2484836
2491182
2870060
3803069
3113960
2911640
2783592
3192260
3175025
2936638
2741652
2926759
2901875
2968587
2936818
2470931
3733386
2480202
3430491
2468771
4129860
3069860
3590399
2406109
2488864
2268881
2689924
2587909
3307033
2936233
2801434
2870465
2933533
2909570
2833790
2856020
2831202
2442964
2511342
4177447
3392308
3456275
2955830
2930269
3001235
2952162
2924870
3012575
2959452
3101022
3019393
2933802
2885900
2965347
2890490
2999255
2852532
2920753
3882314
2948653
3043175
2902528
2914317
2923182
2907095
2945412
2980647
2896677
2975202
2939427
4084455
2914925
2867089
3887354
2602242
2471494
2919312
2848347
3057170
3151265
2789870
2416391
3596788
2443166
3609388
2937042
2633494
2898793
2835860
3853806
2863130
2895709
2987397
2871072
2945098
2548827
2876652
2959700
2963772
2849158
2845467
2917782
3167150
3008615
3003687
3575346
3045312
2958237
3491353
4177694
3102440
2945593
2998152
2913755
2885540
2943388
2935287
3008120
2922304
2944535
2891390
3071862
2898072
2831157
2919583
2887834
2960375
2920932
3059668
3206031
2581699
3020113
2906622
2436934
4074104
2934387
3098030
2934320
2934049
3515608
2673904
3059803
2918525
2913822
3611863
3568145
2988905
2410159
2566039
3908617
3188772
4726785
4462028
4093387
3770691
2958957
2828457
4362735
3756516
2993562
3123635
3044750
2963817
2946875
2895170
3690793
3413660
2934928
3595910
2987622
3408193
3028753
3035480
3016579
3180965
3009920
3040025
2919358
2962670
2876540
4021319
2849360
2869025
2812055
2886507
2833655
2834284
2862837
2840495
2979162
2963683
3952446
15416845
3956474
25604322
3074765
2967057
3504853
2989625
3687351
10973020
2990660
3534171
3686496
3698871
2911258
2826949
3725174
2921202
3050307
3014780
3753074
2941340
3114320
3485481
2942263
3819247
3709581
3717884
3703596
4644367
9426188
3805926
3721776
11140601
3757753
39654313
3750891
21996126
3678463
3737999
2849765
11604776
3642103
17526764
3936179
2990098
3740339
2955717
2906419
3021890
3659271
20427378
3710414
2902730
25475869
3017727
3445678
3647548
2584332
2678000
3011180
2951060
3970379
11998348
2926152
3833983
3563623
2910605
3761781
3772514
2992843
3602886
8570984
7379989
3378786
3948194
3072222
3861952
3357793
3418250
26974844
2766424
3465726
3656661
3544633
3722451
4024649
3033838
3561396
3648493
2642427
2343109
2284339
3078770
2943275
3587114
16239154
2924285
2869407
3697544
3483299
6568593
3038405
3432561
3816209
2957922
4007392
3843704
40373526
3036087
3079738
2903202
41014035
2952477
2920753
3770376
3404053
4131794
5284966
8724501
3421288
5578794
34343246
3717681
3538805
3833309
3665481
4156004
3123950
3546614
10296017
2940553
3741598
3930172
3842286
2662091
3487100
10505694
3624711
3755166
17656927
2908039
3539009
2878317
2909772
3832432
3115468
20939209
3632383
3310611
3299383
6855064
3768104
3747043
3426553
8536874
2524256
3615779
3758676
9143610
2870352
2885922
3693022
2899039
10798352
2972164
3564163
3476188
3532236
2825622
2422511
2814912
4781010
2978937
10148012
3857023
3165553
4626907
3092653
3892911
38495357
3627860
3822396
2922530
3737886
33691600
3572983
3922431
34796847
3773076
2859395
8906774
3061535
3669846
3948667
3163258
2925454
11087006
2663307
2772274
3541393
2701445
10657975
35102870
3901596
14445924
2990052
4098314
5637092
3829844
3106467
11565829
3734489
8405856
44532882
39795792
4190902
3412985
17109141
2414164
3458683
2421589
3523461
8340516
2951532
3632271
3838461
3707691
30572487
3759418
13006191
3970064
41306534
3888276
3537321
19198493
2853387
2912135
3561104
2944018
2984135
2981187
2911123
2887924
2942374
3644893
3734781
3779039
3700468
2931890
3691671
27173676
4520572
4012882
3130430
3788601
10169139
3859026
2995925
3925491
8359371
5546687
3795892
3961987
4262812
3997379
3064842
4599007
6737861
3617623
2457522
2446969
3812091
3382611
3645478
3611751
3743691
3721573
3832611
3166340
9074895
3848857
4119059
4062269
26176970
2552291
9056872
2945255
3001100
3536893
3519726
7759205
2888892
2946515
3706476
2702795
16139794
2405389
2958193
2964874
2583566
4010519
3657719
2943230
3618546
3889648
3800728
9742561
3712574
3385400
2421431
2358656
2492554
2893122
3705036
4679580
7630077
3632968
30608893
2944759
4720936
15455365
2918660
3780748
9432780
3093057
4720846
37619094
3638234
3785069
3713968
3069860
12388363
3262708
4190024
3733431
3274408
4953158
2862252
3652026
3645433
34033488
16013231
41605965
2879059
24343218
3161503
3261650
8122446
4363522
8437401
2871589
2962288
3742926
3785136
18770813
2918277
3493558
3622731
2933847
31055630
4021971
3674278
12695916
3845121
2578392
2417021
2838335
2873165
3878264
3617151
2667897
3534058
2618082
3440008
2658177
3048013
3769813
2958642
3528321
3054537
2484206
2243591
3482105
2689812
3511400
2843465
2548805
3681636
4256084
8883847
3499318
3030080
3620346
2757425
2821729
3235911
18043252
4490693
3122803
3060748
3675336
17766457
3594763
3031723
38052490
11284241
3760026
2874178
3762839
2594772
2720502
25165279
10982673
2660922
3228350
2942645
5992772
3650158
4062967
3135897
2987082
3591658
10603277
3664401
2923678
3564051
4042109
3488991
4331415
3842669
3608421
3415146
3318710
3761354
10742958
2491204
3281496
3500533
3811056
3772356
3806241
13739063
2998962
2930090
2939517
3729651
8174691
40508009
2936908
3634161
2936502
5643481
2967305
3586191
3447411
7743658
4584293
36887956
14917727
3673064
8782980
3157407
2417629
2944692
2916500
3708996
6042768
2918323
28250911
2972323
3469258
2901538
5982535
12732275
3859679
3270515
4173644
40318289
14886496
3011135
3087567
2882480
3807704
5970204
3087388
3654209
2968228
3881841
6424120
3724611
2909142
2886080
2677797
3324111
2884437
3178535
2894405
3572421
2907094
3059600
10656490
21174583
10707700
1993031
1962859
2405704
3187085
2957270
2649064
2644384
2184011
2433109
12429133
4616783
2204914
2655319
30438410
2411621
7150782
13128749
3749181
3531583
9331530
2427596
3341435
2983978
4010407
2725924
3705599
3788511
3766934
3140195
3694461
42669947
3751611
3855426
4358932
26374993
3843568
18973224
3329105
4275615
3790176
4030859
3690614
3563376
3791819
3464264
21467712
3763964
3100820
2994170
3720088
15284523
3671174
3956518
4815346
3054717
2907162
3711898
3727176
10967800
3823566
3059555
3024995
3821339
3723958
3661903
3991101
3797917
3942411
3892731
4072417
2889905
42150714
3795913
3803834
3718243
4090889
4219162
3932804
3138485
6017432
2828412
16704522
3548346
3610603
2607034
4041794
3725669
4416937
11041713
3934469
3741081
2920797
2888870
3582973
12081574
2899714
3676236
7998493
3942074
2888802
26204150
3969141
13259857
10204441
2955650
16711790
3137923
2826410
14087003
3957824
3891876
4004646
3587339
28888944
2419811
11737572
7555850
3814049
4303785
4016054
5001443
2952275
4898415
3987164
3008862
3847326
3910349
14002673
3973214
3620954
3760409
2934455
3822351
2959744
3923691
8427118
4036439
6770419
3653826
5150011
4145924
4860885
3520333
11292476
3847574
10278557
3801764
3831846
14893426
3010550
3680781
3873809
3625071
18097860
3901731
3468088
3839384
3640168
3560810
10328394
2428137
3968084
33459692
3055955
3019910
2953512
3042590
6452673
4153799
4915178
3850904
3810764
3869489
3706723
3769858
3256385
4245757
2968340
3833219
14286488
3763446
3958904
2928042
2966045
2994687
3345508
7077004
4217474
2913079
2524909
3974946
3865979
9300053
3742342
3159365
2660495
4064137
3448221
5029635
3018245
4508670
3085137
5166481
3751071
3703506
3962144
3077330
2879442
3908144
4075274
15990394
3590488
12243013
4606860
4005704
20587691
5987079
4172654
10866213
3742814
8246285
3034873
4005389
3994679
4325362
4858658
4067759
3748821
27735480
25797980
2820042
2851948
3900854
3665504
3650316
3774493
2864457
3466310
4200261
3742701
3866901
3701301
3723778
9139223
2893550
3855652
3790514
3934581
3968691
3595169
4021274
3164923
3045020
2934072
3651711
4275299
16734493
3003733
3520288
2614077
9849953
3589859
3761241
3530256
3518623
3355858
3879974
4190025
4132897
3170998
32146590
4745393
4144057
3057620
3894824
4951021
2899152
3318755
4175466
10639435
4097909
2987803
2888712
12512720
3730213
3764256
3528141
4677690
4128510
3395413
3803542
2734429
4361947
11336306
3114568
3894193
3319993
4112174
3785114
3910934
4295437
4868963
4178729
4743076
4037609
45712110
3870591
26896408
11906187
13615313
3875654
3641743
3905399
5071575
4042694
3477111
4960110
3489170
3746233
3203893
2875819
3774224
5400819
3401173
3933142
40872802
12120657
8952698
3547851
3814454
3632091
10908985
32346818
4051695
3670543
3476615
3188098
3680578
3654951
3571701
2992257
3741756
3709964
3980459
4304618
3910056
3414605
3897974
12140862
3840487
3041442
4351169
2996667
4163271
3894958
3980211
5014831
10983077
2697799
3256925
3275893
3374375
4118339
3965947
4173802
3889198
3897232
10637477
4319265
2901177
31183790
3811776
10618375
4033289
3827639
3708366
3341345
3675921
29481618
16747228
3879681
3879141
17531264
4848285
3879749
4027169
3487056
3735479
2932767
4109924
4590390
3932309
3739979
4125337
7344552
3691783
25735272
3170413
3053772
4140547
3789546
3699119
4290442
3894778
3614023
4502370
3896759
42355059
4335982
3492884
3005600
3109505
3130610
14247878
2959542
4484078
4156814
12097235
4306305
3011180
8241088
5493699
3380653
26068003
3631033
10938843
3018155
4604408
10913013
19643927
3687126
3914984
2971333
4089179
5074546
5255423
4271069
2746985
2193641
3704541
2980243
12171148
4859963
3689848
4280789
3975194
34291249
3996816
4750342
3130385
4108754
2856155
2550379
2919627
2865965
3084215
18649763
21243342
3990899
2685987
2819367
3118033
3649236
3571881
3866856
3925311
4420178
4596690
3989076
24236994
4863923
3366861
18288165
55925686
4410007
20924270
13080329
24126024
4107449
2530669
3534351
3740181
3668518
3283610
7999798
32794007
5091285
3621606
4522395
3978411
3103296
8743514
3534103
49647996
4411627
2902707
12117170
3729696
3825793
2950813
3854594
4027889
3801944
4792328
3493581
2873659
3694641
2573757
10833926
2403544
3288403
2902033
3615711
10643665
3911316
25819940
3977016
38889761
45632189
15290417
3692121
3956654
3129125
9690766
3808828
3654658
3277963
3256768
5609979
4112962
4587218
3676506
2939743
3265093
10184327
3627726
3061040
2204013
3214535
3514956
2418732
3128270
3159343
3218832
3266690
3888681
2851070
16803657
4772122
3062773
4582065
3618703
3476886
19703889
4363050
2688552
4528470
3330658
4262317
3819652
3890729
2991514
4012004
3983474
2917355
5551749
3968129
3776654
2971648
3731428
4099034
27393007
4139085
3936764
3874012
4141874
4152607
4138139
3296683
3221128
2960937
4657643
3555005
2975247
2972750
4216192
3809256
5741627
3584413
3698354
3814364
3201373
3892731
3792584
33919526
7555603
3887084
2919514
3921711
3070310
2973650
3488945
3727266
20417591
4110014
3582839
3725331
3495065
3642418
4390297
10578887
1973569
3732824
4139332
6257351
3855224
2459546
2480404
4590300
3619063
4875983
3531336
4012499
3757417
2418237
34774302
2844657
4320749
8001576
11002113
3694214
8550576
5813897
7825198
3791593
4243934
3879006
3733679
2997702
5367384
3796724
20457438
3433528
3525261
3066080
3685123
3570621
3709288
20102748
3551653
3192463
3864876
4680480
4289745
13720500
3825727
4140839
42553217
3025175
4389532
3993554
6344830
2924060
5040571
3341503
3714891
3855494
10729570
7104634
4060537
34083528
2281301
4052977
3645388
3864337
3929069
3754671
3462688
23909417
3681073
25791185
3080075
3733206
2963075
4201612
3638009
25424479
3760859
3020158
3564141
3401781
2189771
2569594
3537726
3960299
3297921
2988680
3951704
3675021
3503076
3928731
3838214
4096514
4616760
16926755
3669576
4006919
3862244
4913220
2476422
26121081
3960951
4214369
10233152
4072214
38874528
4567530
4987381
3890594
3154505
3924771
3444035
4099371
4509547
3814948
4044606
4258132
46181348
3686991
3763424
4735695
2948135
3851781
38215772
4960583
2876810
3845526
3406731
2952905
3035975
3349828
2965887
4060874
3901956
2870217
11581039
3092765
2440421
9562223
3808694
3924884
3793978
4298429
3432380
9987362
4219972
3457199
3783022
3900314
3176060
3688431
3641969
3789276
4023524
3934334
3532303
10395714
23656966
2679057
2698249
4421347
13356157
3405741
3720516
3274633
5124091
5139661
3439963
3961064
3305232
2905790
3778476
3744636
3943289
26038956
3745672
4093116
26532808
3721101
41013787
3651194
3567628
3470068
3426598
2616597
3649843
2863895
3242323
2624719
2635924
2615044
2601026
2633629
2634552
2624742
2723832
3716691
3262640
28290466
3811124
3895881
3065427
2190378
2195396
2768765
2660427
3628581
3769296
3625386
3420298
3253752
2625979
3770804
2836332
2873659
2839707
3492681
2950182
3434495
3561846
3503368
4260202
3420568
2543494
9304552
2494264
2964830
3414290
2620512
2185451
2823125
3661116
3667506
3309711
2964065
2891233
2828142
2942014
3685978
3840801
2611962
2888847
4026989
2891705
2881782
2839527
30127684
3846741
3739597
3782413
3727761
3914308
52228300
2875819
2804697
2844499
2869430
2797700
3395323
3128900
2465171
3821474
3584549
3872684
3133467
14236741
2625552
2655207
2649290
2810390
2654217
2663735
2647174
2786337
2906982
2902415
2743790
3566526
2687990
2613829
2694267
2644677
2622154
2598731
2614437
4055811
3355858
3743264
2849360
17564497
3098008
2886125
32469218
3738426
7312242
4102005
2960443
2479684
2462179
3014150
2888509
2909074
2886417
5424916
3795643
3810921
3642216
3628851
2622807
3489801
2526529
2970185
3091123
2833767
2851138
10345989
3710458
3764211
2701872
2636352
2669134
2646095
2630051
2637612
2619072
3952266
6126288
2403499
2959767
3560068
3871177
3964056
3837224
6062500
2527316
3709244
2886665
2882862
10592095
2999480
9468150
3796161
2861825
3556513
14879567
2871410
3374555
2863648
2878407
3743286
3958567
5668164
3746998
2851159
3607160
3828943
2894742
3722316
3027987
9700553
2990075
2941542
2408067
3867802
2921450
3353180
3867487
3732396
4093499
34870512
3769836
2920393
3463026
3403176
3293825
3604776
3210688
3736176
2965032
3377638
3812474
3497338
2439904
3607701
17095505
6961062
2909637
3679477
3024072
4349684
4024604
3669081
3655873
3876576
4450979
3800886
17640096
3738021
2942194
3888524
2966990
3046820
3024702
12446368
3637446
3867216
32393325
2983234
3636816
3755886
25948235
3705486
3737256
24882993
3842106
3674706
3824512
8048196
33290941
2955560
10935400
3717973
36828802
3839789
5170553
3754784
2918908
3027200
2970657
3737481
3683211
3720201
3721618
3795869
2902775
2888847
3463228
4057274
33639130
3888276
23468213
2947752
4024807
17727149
27695453
3900247
10506932
2963300
3005892
2954412
2687742
3894509
4305022
3208347
20396620
3755931
2877125
2863692
4318477
3020743
3401218
3843997
3400566
4467248
3248331
3638953
2876180
2941700
3738043
3170728
5072701
4255477
4140164
3833939
3675719
7911013
15648821
7948700
4409872
3790266
3740946
5334084
3701166
2990862
3908211
25340082
3918494
4944676
3744456
4263037
5162521
12000259
8021781
5744462
8710889
3804014
5065388
2776527
3552418
10333277
4511505
2638894
3934131
3048237
33480235
3840937
3871199
3802236
3170323
3658079
2906600
3904027
2850034
2963525
11965519
3168433
2994575
3604145
3149218
2470504
3230488
4467450
2465261
3281203
3214850
3993351
4538909
3565468
8744729
6097555
3770376
3743691
3440571
4094490
3954628
3430986
3956001
3589926
3592198
3049813
3825614
4019924
3852839
3755324
9649523
3830091
41368793
10261389
3859318
3798028
3891561
3003643
3016513
3801359
4157736
4351867
17720309
2531750
6235413
4036889
3673379
2981322
2975877
4564020
3870997
12597770
2924982
10319800
3510996
2440894
2961927
2909592
3787431
3729269
3556671
3675381
3869286
3310903
3607498
3713113
3629211
3365578
3767609
4056599
2922305
4203615
4328309
3800684
3771456
3752601
3796116
3904184
3759306
4061370
3071165
3943447
3436138
2895642
4744718
3730574
2445911
3110450
2827962
11629054
2683107
3624643
4268955
3439221
3363103
4807875
3896579
3746526
2613514
3510028
2880185
3661409
3701166
9907644
4237095
3208911
3328025
35389070
4127564
8347424
4097459
3941084
3928304
11930577
3807951
3981066
2921765
3962594
5206734
2971197
3611368
4015829
3331648
3718671
2983280
3857788
3747741
4023231
3824444
11229520
16095424
12778693
2849494
11108088
10758325
2772117
10749415
3196333
3098975
4202962
2909884
5119951
4035921
4079346
3721192
2900592
3786756
4270890
2993427
3050555
3129260
21261320
3550596
25186946
15660003
14189806
3937866
3809189
4665698
4215427
2682161
2978870
3378786
10519668
3675404
3715859
10680205
3633531
3171425
4191802
22278254
1722490
4411695
3313783
3270291
2891727
3821204
3747517
3719098
3693111
3536038
3800144
12370857
2991807
2889410
3901754
3216965
2918322
2799094
11282013
12905391
15125200
3577866
4302750
7135797
22499655
8723130
3884856
4856993
3865709
3393861
9881386
4104367
3008975
3888096
4070684
36817710
2965663
6514661
3977669
3419736
3521706
27890731
2749685
3599578
3776361
2804270
5857547
3591973
3643678
3793056
3925132
3976926
2961500
3673176
7247352
3699591
4687388
3810876
3553836
10231464
3756179
7588745
3715836
3509196
3718243
9307005
2842295
3329510
3021260
3779286
2996757
3811483
3958589
3736604
3256992
3482803
2892132
2642855
4028901
2921697
3836864
21687651
3159005
3724859
2945052
2888037
3854661
2825757
2864862
31018439
11324764
2890760
4285897
37988657
4129341
3173607
2929460
2889905
3004340
10074976
12691731
3817603
4155554
3085520
4204334
3609343
4145924
3070017
16436232
2991650
2994013
3275556
3947632
4277392
3791414
3031475
5499909
3757191
3671039
2940350
16861460
4080157
3812811
2984068
3658236
2546532
2358206
2413579
2437788
2495052
3308203
4591740
3236721
2442019
2883065
3097467
3178715
3699568
3516755
3310048
3295648
6483970
4363612
3893789
2478266
4275367
9025147
3380495
3419668
3656234
4288687
4312829
4123312
11115086
3444013
3160153
3855471
3869781
45277139
3307978
3982687
6962164
2995092
2998355
3610986
3280752
3858329
3479158
3696148
3467166
26649606
13744440
12960786
14940564
3836324
3574694
3505775
3862581
2905475
3578676
2181266
3256880
3868139
3573704
3441246
4275029
3534666
3514213
2704976
3357366
2213036
2953917
2696292
2205183
15650508
4629090
3186298
16349809
2817634
2823462
2818759
3625228
2887318
2863850
2868800
3411298
3589836
3499273
3672006
3730979
5662831
2597810
3211970
3019640
3532146
7475075
3012058
2482136
3083585
2218954
2838290
3844671
3208686
3834704
5899149
3937867
45816240
2988950
3298033
3633148
2819840
3749159
2911302
3756786
19887828
3784056
3854212
3936967
3013452
3795643
3753096
3877612
3565895
2868462
3854796
11953235
3769273
3853109
3058700
3790986
3675494
2823238
3718806
3889964
3929564
3221308
8227048
11259873
3943244
15856968
3742701
3013902
3854572
3867554
3959984
2908264
2957967
4006941
3600388
5222911
3550686
3799424
3295580
3620526
8490321
3658596
4456087
3077218
3909427
3697971
17643111
2844657
3492883
2972187
3537725
2964403
3292970
3730416
3919462
3951479
3359525
3242728
2955560
3705419
2380639
2369501
2484836
3896759
2486952
3253460
5243971
2768495
3240095
2941070
2623437
4753178
3923759
4059389
2971287
11636569
3820641
2843105
3483770
3761894
2692512
3612134
9309571
4205212
15299935
3910416
4226677
3120732
4086120
3336598
3633868
15768341
3455915
3563016
33800883
5093266
3942164
3751094
3524496
3716646
3602458
25118749
12875803
3012417
3808063
3048215
11297224
2923948
20186695
3655378
3642936
3901169
3607543
3041847
2968273
7572635
2922755
2744330
4738350
3007399
3930531
24013816
4320074
2994935
3855651
3047585
3505259
4468327
25296476
4574280
6128605
2930270
4145047
8723264
3056270
3471823
10446025
8034470
3881481
4662547
4636156
3942749
3968647
17512296
3948284
3782571
4005636
5284471
3535049
3885982
2913034
3838777
3351583
6185733
3326113
3832701
2676852
3919529
3487168
3891516
4153485
3085160
3015589
3915096
17446551
4027394
2875775
3621785
3834051
3804194
3726321
3403716
3788872
3148812
3949791
4217451
2494511
2942600
2942397
3954517
2900187
3107503
6917884
3409746
3924636
3979041
2381381
2333929
7978603
2877237
4105897
3843164
2831832
3881571
2977632
2803144
41398628
4349347
3627119
3875541
3588598
2947662
3724453
2918367
6292585
3106355
18884236
4016166
3670026
3029878
3054245
7137034
3369741
4037496
46829259
3005172
3904386
3808919
2975112
4004557
3978817
3492838
3262618
2857617
2591239
3177500
19344542
23670399
3812407
4012027
3350750
4240626
3955844
2940913
3177950
3241333
3974046
4910678
4323427
4058107
4043616
3792494
12710564
4706333
3193812
3577551
10170466
3821069
2962467
14861634
6539163
14376736
2911235
3826379
2983775
2962197
3990044
14750259
9593161
3712776
2820627
49907849
3816163
5132235
2949755
4012116
3880604
3039508
3663119
2985958
3841318
2931260
3720763
3911542
3141140
3723598
2956843
30480980
3808784
12593721
4678185
2994530
25540332
3345935
24235509
3664288
3086510
2910920
3622169
39822073
10451605
2908557
4352969
37030966
3656863
3140195
4686848
3302960
3872751
4551375
4724917
3698218
5919400
3339950
3987749
3959692
13889858
14117896
2474824
4707390
39493729
2604334
3140442
3588373
2931530
2977700
4018507
3886004
3595416
3113173
9801534
4462995
33573138
2951487
3800931
3832138
14797104
3861186
4090461
3982349
16350281
2909097
2952432
3972741
6564026
2985193
2930563
4014389
3841566
2954074
2978735
7883270
4696793
3015230
3650293
5608989
3668248
13847085
3646423
3635061
2915487
3024568
2929145
3640551
3663320
2976125
3847753
11805139
2915645
4427490
4138635
3328475
3458706
4046991
3840441
3911114
4326442
4191487
4142122
3831757
4330357
2957608
3199393
13506479
4132582
2981930
3788827
4914255
4022286
2998243
3995782
4540507
3915727
4322820
38160444
2997410
43596836
3767091
3861592
4448865
4133302
4044269
4323787
12456605
4795905
4058354
3507823
3634386
3090920
4165477
4826797
3076835
3494435
4718708
4570072
3836616
4029262
4663155
4753785
3140645
2623347
3495133
3506698
4878323
3659834
2777584
2626654
4417297
3139273
4483807
3538176
3014262
3630246
2978577
2991312
3010843
2985440
4773742
4085512
4531463
3726726
4208744
2986183
2687944
2980580
2055424
3424415
9216060
3672996
3576831
26536633
2876157
3128833
4499715
2784447
39575382
3109662
4365997
2231981
4004827
4147207
3135695
2195441
2873862
2250949
2967575
2536542
12050097
3441741
2678742
20474290
4322392
4163002
3268175
6848539
4562400
3856124
3043040
8958615
9976877
4119667
3698016
3909404
4254577
7161244
3045988
3203150
3936674
5273198
3598229
2996870
3908346
3479001
4047127
4170067
4020756
42477369
3846742
3788669
5712715
3311263
3816907
5956502
3014465
3025580
3016783
4394595
2936839
2890962
2897397
3791752
2986632
2868237
3505145
7206537
3629459
4012477
3030305
3875339
3764706
41722605
3847911
3594381
3970289
3727784
4022849
2907095
3686608
4007301
40908239
3384231
3508070
2955155
2910942
3816187
3699456
15041005
3963764
3827211
9532185
3949094
3840734
4347300
3835626
36092399
4147611
2901335
3548413
5386261
2892312
3059128
3754401
3989459
3711763
4103399
3882584
3774089
3703753
8085748
3030463
3531291
3714058
2471899
2505312
4804141
3335068
25280231
3456973
10534495
2928740
3661004
4083240
25716462
26857034
8231706
2503624
2993090
2525022
3195860
4794600
3101022
17570549
4014547
2990480
3835874
3449166
3536444
3462913
2942239
3424888
2715710
16440552
2217829
2799365
4503068
4899158
2760867
4011487
14797801
14754782
4245734
11936990
4001114
2246179
4039724
6321093
2643754
28335849
11073190
3255035
27362092
9833438
3041915
3727221
4043684
4096919
5629734
41281245
4109070
7058352
3964101
2604222
2524684
3804419
3915164
2987780
3295715
3867396
6695988
2940574
4091767
16759917
3773121
3957081
3749473
2961387
29136400
30291079
3378696
4311795
3857137
3562610
3547356
4240965
3156035
4007167
3551113
3037797
23802654
2946673
3029427
2992978
3011899
2890872
2898500
4076827
3092383
3934693
3280933
13845195
12766139
3791279
3565424
3567224
8939738
3766551
3777306
3703416
3775011
3759756
3666201
2991065
3052783
2873637
3737662
3705081
3838012
3957487
7119035
3691874
3846921
3929902
3797106
3889761
3088895
4190384
26201675
25310224
3738336
3312095
6628039
3758001
3192890
3003463
3125503
3786374
3417801
4174185
3565648
2898725
4059254
3539075
3481746
3079085
2965438
3623158
3920451
4259077
4210072
3796432
10925027
5038771
39829340
2568559
4200284
14538579
4884690
2888082
3774718
3631123
3821068
5008036
3792719
3800144
4099394
3506181
3537006
2958395
2942128
3925603
3498665
3919574
3775821
3039350
6623853
3747808
4077636
4078289
3549853
4576530
3489756
3017593
4107000
3738539
3609861
2680227
4135686
3003192
3447208
5044599
3551226
3818616
4814760
2973717
3622821
8390332
3941624
4008966
3137585
2821347
3026818
4304054
2953512
3343123
10274822
2937087
4094377
3457108
4055452
4030611
40014470
4362780
10281932
10666727
4179067
3988514
3477223
2885180
3169512
4254195
3648156
3036020
3561914
4620158
3082483
4057792
3848024
41170319
3628019
3060995
3877139
13933643
9819601
2627577
3502333
3656121
3256767
3278008
2974595
32290365
15089380
3709806
4435657
3008885
2931867
3002158
4212975
3645253
41306310
3994769
3975441
4223797
2898815
4435725
14027378
3932399
3774202
3137810
3020495
2965999
32522588
4707165
4568317
3476369
5309424
3040610
3586394
6024790
3651643
3900651
3980482
3913611
3624756
3839293
3738584
3761376
2945457
10761228
5974907
12585463
2763095
3557053
2866730
3902474
3791571
3929046
3004160
2538679
3273238
3987704
2974955
3072717
3132928
3995377
3847912
2987217
3921059
11071503
2894517
26975092
4214864
4203007
4193085
3964866
3603291
4197855
8489466
2723449
3884452
3854279
3517408
5023628
3595528
3571881
23961256
4130174
3908818
8802734
3883012
3892664
3807434
3874843
3612808
4196504
3427296
3891628
3952289
3832859
3032488
11449617
3807704
4071180
2918390
7203341
3663861
3561419
4218622
3292857
3532979
3077285
3549448
3041150
44782318
11082933
5216701
3944347
3574513
8148748
3672388
41120662
2995745
3869039
9737611
3599510
2944175
2974594
2918772
3270898
3046595
2508889
2464834
2437519
2512669
4503990
3001639
2909683
3748529
4188225
10167294
50693190
4043819
5017576
2914835
2942330
3730101
3615081
2993157
4041187
3113668
3541618
7520975
2464789
11400161
3863639
2482654
3008074
44964275
3918156
4369057
11071279
3825006
3653466
19388574
3914556
3934987
3018110
2480382
3922274
2615292
3963989
3520198
2684276
3377030
8920477
10021539
4168582
15633160
3565334
5678875
3373633
4424385
3973619
4839668
3020562
3071120
8208981
3631078
11060568
4489815
10626655
3966914
5779922
3863594
3955709
4298970
3511221
3826357
8510999
2986250
5172174
3338353
3738921
3675561
4088347
4345567
3071277
3247250
4873013
3182315
4283467
4006514
4064227
3791796
3320803
3786059
3922027
2903878
3030508
2944827
12276380
3919888
3596091
3578631
3794137
6132048
2298717
3743173
3348006
3810854
3676708
11042411
8077153
3521593
3734017
3409903
4082475
3356803
3764414
3934829
3987974
4204267
2945142
4023659
6588978
2972390
3073393
3741352
3986692
3392758
3983879
2914340
2984922
3033995
2941565
3584166
3673513
21155075
3537569
3150140
4081800
3839744
3478528
4107810
3790626
2987555
3777937
3757281
3636884
3602031
8190576
11435891
3778611
2923340
2920685
2935175
3932984
4117147
17264976
5883647
2972142
3668136
3676124
3263247
17069833
5147379
3749406
4744560
3458390
4536638
11879906
2653542
8258098
12506961
2842272
11801539
2416909
2936008
3611841
3932646
3269075
3363576
33372437
3995287
3759756
3043670
4656225
2632729
14650652
3720988
30817715
3676123
28044743
5735124
4409602
3801944
3027538
3746774
3789276
3329758
3607049
10480247
3759936
3513538
3140330
2574409
3610019
4013804
4750703
2962963
2982493
6084167
3871312
2936120
4827653
2968925
4630012
17600496
4024964
21423117
3111080
3442821
3379348
3982506
3722473
3419511
3854481
25435729
4092014
2948427
4196819
3725173
2648209
3940837
3851039
27133154
3396426
2974977
3721101
4500075
4009394
3923534
5337459
3726006
3733746
3022970
4742040
3838529
3560315
3256070
27411794
4387372
3895994
4090034
2980512
3461339
3298775
3713451
3926143
3077262
3044840
3893631
3982282
3937146
5697414
13509877
3862694
3062547
3723486
3787521
2955492
3953369
3616116
3952491
3781154
3743354
3798187
2961094
2495547
3861726
9026047
4283737
3040408
4309230
4429267
2910290
4074172
3877768
16342857
4260270
4021004
26482566
4354432
3966846
4013804
7068162
2925433
12189417
4106167
2982110
3649011
17874726
39922445
3012619
3687868
3676461
3431413
2944760
3743151
4021342
4187415
3794834
3696418
3043490
3143728
4069177
10003966
3066620
3224233
11520334
3903464
2951330
3456276
4534072
3826154
2942667
3838056
3046775
11063336
3820528
3742408
3857226
2867855
3829034
3702966
2896069
3854099
4086254
4288732
32584643
5471266
4161832
2869925
39266141
3876913
4940806
4209757
3932826
7046742
4623240
3892574
10414007
3134480
6436158
4322797
2922800
3596609
2504210
29611645
4384109
4498994
4191554
3874934
5215531
3451123
3565851
3795801
4581232
4009124
2949530
3955124
3939104
2529431
3720471
4380982
2978870
29770856
5298309
3921284
4230390
8493112
5080081
10393172
3971189
3947384
2849652
16110139
3065112
6345460
2474149
2532289
10376454
38130542
4923616
3728211
4997055
4073834
2951374
13866615
2921202
4917405
3124198
3414358
3574244
3261155
4727888
3051792
3872481
3198650
2730830
3205715
29507291
3357208
3955011
4561567
3682986
2463057
3862311
3936651
4513102
3288898
3863819
2868822
3212847
4575338
3150252
3827121
3117290
4388047
3800099
3304805
15650486
4452127
3975351
4312222
4916663
3139993
3964934
3996726
3887714
3752039
2900119
26620356
3814724
4373692
3033995
11252088
3995624
13593240
3569563
11468426
25579166
3767766
3535454
3676506
2813067
4032569
3015207
2988433
5908758
3703506
4465019
3399058
3840869
2155301
3712844
1983603
23027595
2887115
3105387
3729516
3870973
3866609
3690546
3996884
2942128
3301138
10610792
2883177
6876281
3711201
3348613
2987712
3928934
3013768
4294357
11806804
36420697
2956123
3551878
3743286
3721979
4974961
3134256
3442394
4307744
9201750
3438343
3693989
4074509
9609878
4861650
4197809
3366231
7337329
4968615
4645402
3316326
3216875
3108133
3554961
3737053
2970612
3842016
3970222
2988297
10359085
2702502
2836984
4232527
30524877
3734534
2916163
3882786
6651348
3847169
2969443
2873075
2936435
3811303
14528904
3912621
3786149
5613377
2928942
11582186
2852532
2920662
3340850
3803744
25316591
3878962
2793493
3282710
3463048
3469640
4899090
27144742
3782166
3541191
4072034
2822404
3986466
4423147
4034977
3216335
16339572
4010271
3053503
10963931
3681073
3977287
4072282
3672884
2897689
5714604
5465754
3972584
2965843
4342507
6766908
2929010
2787124
2466634
4144957
2890625
4650082
3627231
3761152
8342608
3732104
3836392
29999007
3859319
4868513
3839608
3328206
3142985
11848070
3718761
4285267
3457738
4055924
3890459
3678981
9130447
3669689
4058557
15299125
3522651
3372575
4188899
3319903
3617960
3519096
3769521
3252695
4369552
6235502
4887301
4749285
10610275
3901394
3839789
9835778
3833511
2892312
2822112
2903112
2959475
3354013
2596797
3746436
3638594
3804036
15945506
15731463
3403851
5071283
3089998
3006950
2980939
3794968
2914182
5523624
26574275
4235677
3823161
2909278
2907342
57667504
3952042
4576508
3031970
3099358
4734188
3838889
14997850
4730521
4162979
4354657
3409408
2943972
3951636
3005555
4036034
3060613
4092689
3369785
4086704
3843704
3179953
2968363
3862064
4592753
3248151
3469753
3992519
3817289
3228778
4350832
11491174
2549569
4686960
4111521
2746962
3426598
3730888
3741216
4198147
3249815
3310948
3671849
6785583
3525396
2742214
2816014
4253610
3446061
3585313
41998343
3706431
3483365
2578594
3788782
4413833
18582871
3100033
3855269
17000060
9224475
12597815
2954210
2942960
3704451
34054795
3067745
2714719
4049061
3409318
3596158
4312312
3720808
3826446
2920325
26776618
3793439
2801885
2949395
2533437
2936727
2965617
2470166
2979253
2927142
2421972
3703169
4238152
3064010
2772882
2673027
2715552
2644879
2686369
2583544
3117177
3358670
2812235
3884204
3059015
2942285
3628761
3028618
3423854
2873367
17957099
3873899
4576688
3182405
3643791
3561485
3638729
4776825
3601604
3656571
41018174
2965257
13657769
3581826
2970883
3130430
3689128
4077592
3117583
2939113
3793124
3546725
4141627
2966945
2537600
3095307
5010983
4052167
11160649
3868588
2980490
3787319
3634454
2945029
3155810
3084890
5173996
2839617
12671728
2944873
3771951
32058502
4015357
2662609
3656639
3551519
3971369
2910290
3724116
4706670
20689212
3802326
3051725
24181577
42131387
3550168
4036821
14948665
4731600
17974695
3518084
4193556
5660356
3360628
4090034
3961536
3487798
5658939
3177725
6259060
3954719
4097369
5175121
3277603
4369439
2844657
4345792
3942884
36980948
4148669
3390103
2972120
3075462
3643814
3399710
4000619
3392915
2936277
10688192
3038247
11691379
3455353
4347052
15249669
3355341
10679530
2906082
2917895
3590195
3983879
2963120
6046727
3741824
3876869
4088752
2690194
4487318
4457280
39530945
14424616
3824646
8352554
4556437
8831332
3929406
2833137
36969225
2905070
2716722
3372846
2482789
3098705
3830001
2934680
3989527
3784326
14674816
3791414
3727626
3796858
3826424
3894284
3774381
3977489
3102058
3773166
2973897
2950857
2970748
3492164
2878858
3782188
3654703
3929069
3730821
17109050
3162651
2896025
3394198
4088661
3340761
3814679
2951240
3855246
4461217
3216650
9707123
4768297
4141784
3586686
3721033
3875586
4214324
13698202
3955327
3402434
8850749
4069491
2975360
3009875
2908017
3833938
2862275
3558201
2861397
3509600
2958710
3492861
3115581
3860376
3592064
10245346
2966113
2937785
2986475
3254540
3669756
3964034
3570643
3895881
3933501
3638099
3735996
8378991
12581435
3874439
2766379
2791805
3394491
3860511
2918704
2949417
11876374
2982380
2521962
2470594
2652979
2708780
3403400
3259782
2164121
40259630
4054506
3903869
3649033
2999075
3053458
3649304
2895664
2914655
3364183
3686699
3798546
10453247
4870673
4265535
3799559
3668316
3030889
3956023
24724863
3755189
2865582
4610235
3552710
2937065
2484386
2509699
3218450
3527961
3135200
3886072
3773661
3515068
3014488
3207875
3436340
3669216
2954368
2902235
3350098
3063177
2930472
2524302
2498472
2882683
2999637
3616814
6277466
3708141
5769910
3795013
3756899
3925334
3808964
3701211
2877732
3824241
2897848
3615666
3789321
27586238
3711561
11173023
3274678
3010145
8937892
3947812
3236766
3852524
3688319
5514017
15147430
3892844
3596001
3080660
2913395
43003443
2656917
2467129
4007234
3982056
17286981
3656121
2727252
3985094
3655446
3816636
3319881
3662961
3550416
3625273
2874875
4527637
2955762
2894944
2927120
3650699
3882562
3656548
3601558
3770308
21852823
3820821
3922072
2495862
2426179
3183170
2399292
1931853
2990367
2397649
1929536
2866572
3379236
4143539
9099645
3559483
2910177
27162427
32736361
3559101
3042972
3831396
2926310
3527804
3852411
2580236
2414276
3310048
4241775
4572480
4946926
3849644
3848609
39498500
3085587
3514505
3743668
2950362
3629256
3642598
2939832
3501186
3138327
4024064
2946740
3794654
8477272
2880387
3007063
2919358
3788106
2991088
3785541
3553363
3048260
2999278
3642081
2821100
3955641
3739191
3615261
4939253
4042604
5805370
3797736
4931603
4846756
3640866
3381980
2982177
29242307
4085850
4167996
3248713
3651958
3392353
3059623
4514902
12917361
3508746
3039575
4339627
3495898
3391678
6704291
3043377
2915465
4289654
3650023
2833654
2986497
4271947
3310476
15083350
3629548
3640505
3690883
3713091
3601469
4046429
10098647
2669495
3635578
4535782
3469213
3992136
4123807
3887917
3776541
15683921
3357275
3994544
3872729
3711021
3454656
2724619
2809107
3436611
3578721
2998063
3519005
4382422
4780358
4682258
2989827
2803010
2229348
2210696
2247282
3149645
3268513
3737549
3018830
3809301
4007932
2793807
3700266
7099774
3722518
29302428
3426193
30986173
12676408
3740586
12817866
3933006
4557202
17771924
30003574
11030215
12037790
3656909
24277337
30274250
3395683
2411464
2770362
3882022
15421908
2970184
24467305
3017074
25494770
3641878
4653637
3556536
3731136
3052535
3408306
4032997
3085678
3015545
3181910
3759329
15823668
3709401
24193795
2598372
2005113
2402982
3823229
4143044
4138837
4445918
3919889
3695226
2977182
3550416
3668766
6540918
2846884
4368000
4419345
3769791
15239207
10164099
2805912
2985238
3727244
2925973
3343798
4153821
3923466
3870299
3851106
3645546
3111260
2800737
3101608
3316550
4053157
3100437
4726313
3036268
5754722
4513485
3875069
2976867
3060343
3694663
3039395
3919146
3782931
3798907
3841161
3998684
2831697
2918300
5060213
3055415
2928537
4193062
10803663
4866848
3181752
3497653
3026615
2925140
2966697
3047405
3868453
27400050
3843952
3673829
3079445
3543801
3970019
4192297
4851436
3777374
4035426
10955921
2893865
3102665
17204563
10882525
3942209
2935085
3021193
2936030
3777216
3852951
2948945
2887902
2906397
3624395
3601288
2579404
2917512
3021170
3840014
3876981
3735614
3716444
3272946
2964695
3070153
3866182
3534891
26089783
3855764
3952356
2948585
3751386
3770106
4151414
3744186
17717834
3087770
17956716
48809330
3690591
3710931
12494023
33205689
2996622
3257600
3087410
3894666
2934725
3383938
2539309
2679034
2948562
2501689
3706363
3807232
3872414
3329465
2788903
3084305
37801524
3890436
3997874
2965100
2967282
2952950
3607228
3688881
2944040
15829834
3199572
2512556
4102634
2525697
3857653
3723621
3097783
4939591
3046595
13100556
2714067
2737040
2859192
3670453
3731474
3386998
2938235
2693345
2892178
2769867
3634948
2969285
4479105
3118123
3868926
3363103
3851893
2952522
3692526
3568461
3894059
3816411
3739439
3141140
3951502
9613186
3712258
3712101
2971062
3127122
3896849
3006522
3045403
3724634
3629841
3917166
40973534
2998490
3808694
3839968
3319475
4286212
14105835
2510419
2814485
3801157
2921472
12491210
2876067
3808806
3006545
14223804
4305315
3009650
3005442
40153408
3039507
32074162
4095704
3472723
8687894
3661229
41311260
4426567
3158713
3735029
3635151
3682559
3459898
10451717
2883335
26143152
41843093
4440405
4005029
3872549
2853117
2963817
3940544
3963877
3030823
3012485
3033455
3384028
3007603
2961140
2862680
2965910
2923452
15964698
3797759
23712789
3974699
3988086
2726959
3753883
6500328
3393860
3788646
43370823
3656121
3670341
3019258
2951960
11426058
3753141
3889536
2846007
3698804
3682626
3735164
3759734
3802911
24837566
12783688
2975338
29937829
11834501
26614281
4956331
3801291
3383781
3017255
2864908
2936817
2952859
3573749
3782932
3720606
3057013
3619176
2973740
3610334
3620211
3672231
3513944
3698556
50965238
3793034
3579576
2690914
10100987
3675674
3641654
2632594
3366163
2668437
2679776
3483770
3492613
2697125
10083437
5873252
2597607
3527488
10782895
4388857
3652319
3748011
2889117
4301939
2929235
3179120
6599306
4207282
19147441
3813869
30656120
40315633
3018875
2970050
2911550
2982290
2905227
3045785
3945471
3861996
2996172
3714756
3898874
6286871
3124198
4706940
3943762
3940026
3526836
2590114
2953715
2921585
3131645
2948000
3075575
3643971
3647346
3014870
4070549
2905700
10785865
3562070
3768509
42058644
2880454
3827999
3972944
2922484
3839317
30896870
2495997
3056405
2920303
3689444
3697094
25115351
3697679
4003341
3915592
3881729
3322715
3607769
26564061
4240154
4952280
3733274
3454745
3773031
3833736
3034827
3035008
4077771
4106121
3296436
37091198
4475370
3953527
3751589
16140694
2706462
2694379
2700027
2740707
3682783
10732517
3906727
9381930
2649626
3813688
3823431
27949095
3857564
3750238
3646783
3778656
3837336
2816757
2944490
3776181
3119810
2948832
2881107
2949013
2969937
3671083
7721045
8230108
3664716
2869610
4448617
2952500
4010676
10062016
4099237
3862244
3909651
3965159
2946830
3856552
3954022
11576697
2904350
3349873
14796812
40081948
3018694
3025670
3036178
3784933
3614046
3589228
3840959
2987488
2983797
4605037
3746234
4087222
3720921
2949709
3943334
3771163
2930945
2920077
2933195
3977534
3930553
27129599
3964057
3708704
40050381
3998189
4054327
3117988
3838709
3055663
3922881
15080447
4674900
3943761
3695406
3046955
9025057
3564073
3797039
3010348
2880994
2966382
4066634
3074292
2932992
3418476
3482803
5667939
3652859
15844458
39797907
2629467
3127100
3663119
2953939
2950205
2961298
2895418
2925027
3708478
2957202
3793124
2910492
2644586
6516438
4212232
3046775
10800692
2980422
6073930
23811677
3003620
2920324
25103493
3977804
3742881
2740662
2917827
20916124
2945839
2937582
2973943
3511153
2931395
2928784
3027313
3644443
3654546
2962152
3889671
4186019
3777621
3726209
3858824
3754739
4001856
3445543
4539900
2746084
2725452
3502289
3120733
2929392
2490574
2463619
2675411
2804585
2639457
38329307
3491871
15285490
3055888
3026390
3499611
3766596
3768576
2444922
2774727
4574213
3969839
9662168
3794406
3722608
3946574
4253812
11270876
3715386
2967080
3716083
3016355
3995669
4611113
39774958
3029742
3989571
4153687
3275803
3615509
2876923
2921225
3231950
2806654
3772828
4635952
6610263
2851902
2930225
2934950
3048372
3326878
4704218
11602211
4543162
2929528
2907567
3846404
3607768
3738043
4251517
3177973
3683886
3075508
3798569
3724296
3764391
8833807
11914107
2991380
3769499
14658796
13652685
2953895
4238354
4132492
10125579
3315403
3800796
11594178
30603515
3920429
3826401
3527285
3625791
2935534
3459696
3540898
3004633
3006455
3895004
2906465
3848024
26318090
12548945
3212916
4727168
3071818
10202394
30690838
4085354
2942375
3477066
2886462
3277266
3669373
3753614
2939945
2988567
3635848
2858585
3626871
2943837
2947123
2934275
3531066
3850589
3547244
3631123
3738944
3834546
3854976
2951194
2963412
3562903
2980850
3803969
3699434
3821811
3608736
3941849
4557787
3393793
10405052
16879483
30762590
3902834
3795913
3630043
3546793
3739821
2869812
2935377
4135012
15013577
3708389
3313491
24335297
3901416
35081495
12632781
2973065
4600335
3119743
4029847
3860579
24306092
50983238
3655108
30835243
2901290
4037159
3550169
2945817
2921697
3428151
2367657
3590871
2418462
3061918
2898319
2992235
3525823
3646581
2477614
30551990
25778134
2968610
2977205
2933442
3523754
3611098
3617893
11691244
2931372
3701998
4050749
3018155
3700198
3606621
3073325
2998107
42513594
2978960
3152053
2546037
3821901
3867644
18112124
2948563
2875100
3976882
30953098
3573860
3756336
14571181
3851962
3156890
2943612
3024680
2910807
2441997
4039567
3621583
3095735
3371743
2274709
3658596
3290721
3359075
3752736
3766731
3864718
3834119
3993149
3933456
3847528
3922634
4733850
4211399
3838641
3427948
2816150
3209496
3016580
4417522
3972134
4126417
5759536
3870884
19078546
2417697
2522277
2431691
3036155
4002801
27540158
3292430
4310039
3118753
3652386
3872279
2986385
2830864
20345590
2614842
3093305
3011248
3721731
4343588
3624036
2335886
3937574
3016962
3066620
3122060
2612299
2757559
5287937
4412550
6914373
3030957
24967436
3974069
3843051
38990404
3484986
33323567
3655536
3552103
3730934
4082272
5695502
3380810
3234650
25077303
3002990
2788767
3028640
2905115
2932587
3233863
2985147
2909705
3074652
3215953
2946470
2460424
3721438
2583207
2949688
3246575
2956595
3279493
2808702
3335001
2979815
2951870
2905273
3024297
3011585
2916612
2898815
2947595
2873322
2855390
2862658
2787823
2916950
2960127
2974482
2917962
2931215
3381260
2936885
2929437
2856739
3069815
2964447
2869407
2995903
2993383
2982830
2996150
2888307
2930945
2996554
2982875
2928964
2927772
3041217
4217879
2989174
2446047
1978743
1684038
2867697
2949147
3575908
2949665
3023240
3550551
3167105
2998647
2970432
3043872
2899827
2935625
2993540
2980423
2897352
2877462
2859777
2819142
2894877
2884437
2962670
2910582
2841462
2914295
2896543
3006365
2966742
3129350
2900255
2854129
2921540
3014195
2883672
2901200
2891615
2883447
2886237
2992865
2935197
2974933
2930337
2890557
2888240
2889004
2879240
2840944
2450074
2914340
2824385
2921540
2986025
2991267
2889860
2922890
2961274
2948990
2997725
2929685
2944287
2892943
2904327
2866955
2897577
2929820
2653272
2915915
2878363
2981187
2867584
2976620
2954884
2495502
2895890
2948899
2950812
2581294
2915330
2926669
2966000
2929527
2893347
3000222
2882502
2918098
2904868
2867472
3050127
2951262
2903697
2897195
3721506
2605054
3407969
2504434
3227270
3629459
4014929
2884775
2862118
2835274
2995295
2955740
2915015
2918885
2976125
2899490
2805350
2882053
2923498
2386533
2471404
2203294
2234748
2892492
2981885
2468614
2209706
2245301
2206556
2019716
2449602
2427484
2938325
2884954
2423952
2956032
3557796
3992181
3039755
2438374
2931485
3980976
3043355
2822585
2663802
4091024
2925433
3003192
2926579
2897532
2921900
2981525
2952567
2956798
2919110
2837772
2645059
2701692
2700635
2688552
3288447
2923767
2931844
3146968
2866684
2918682
3072987
2932542
2876382
2902460
2975158
2911145
2983370
3086352
2939923
2916545
2923047
3670026
2346641
3002742
2499034
2922868
3703169
3982214
3593346
3671106
3018470
3452293
2400056
2655252
2730987
2946245
3038270
2514131
2656557
2478806
2511792
2890512
2922845
2866640
2909885
2392046
2453269
1876593
2513592
3075777
3356398
2968317
2979703
2963075
2948652
2950924
2939585
2922327
2924848
2903450
2841957
2845174
2983775
2916275
2889590
3506518
3088940
3014960
3223490
3725579
2912764
3150365
2974707
3203983
2722707
2895665
3062750
2936165
2924893
2907230
2942623
2915532
2993292
3465276
2999480
3477336
2523311
3018988
3721956
3648359
2980669
2956258
2999389
2983685
2967260
3022069
3019640
2941160
2904103
2890670
2912292
2980063
2947257
2479009
2283844
2970365
2917265
2872648
3007423
3212488
2083931
2728917
2221631
2434774
2426157
2497842
2459344
2505177
2904080
2422467
2857078
2454934
4087447
3073640
3661611
2974325
2935040
2905993
2945007
2904394
2872287
2898657
2924285
2899669
2958597
2970769
3002157
2929347
2896227
2875212
2985395
2873817
2891075
2916252
2866459
2850574
2886214
2794302
2981277
2923317
2939067
2895687
2922598
2984203
2993000
2929167
2885674
2677841
2618420
2892942
2916140
2835882
2854580
3822058
2749774
2434009
2427259
2928807
2456869
2923295
2862770
2875167
3884654
3003980
2907814
2524054
3038674
2902302
3053750
2928988
3956069
2977632
2951735
3704721
3630876
2867359
2939337
2909593
25891985
3731092
2913372
2784920
2834600
2495007
2414524
2663396
28893872
3996906
3616341
2454259
2501127
2487311
8064846
3261673
3253776
2233804
3315740
3470766
3312973
3793057
2531186
2247597
2985552
3499363
2738052
3458345
3387313
3616273
3647099
3608534
3245945
3065113
3397753
2558547
2326099
3124761
2891165
2206399
3278503
2497414
3440503
2674422
42214164
12679131
3714216
2776617
2762554
43259021
2695437
3257128
7211531
3806376
4000934
15737201
4189215
3976342
3790942
3794721
2733800
2511746
2491024
2626654
7391555
2765434
2421746
3187446
29002344
3044435
2872535
2459501
10594277
2561112
2417359
2457184
2512264
2497819
2959835
2533684
2859552
2913439
2966157
3831149
2879127
2991695
2884482
2915600
2889725
2944444
3471846
2871252
9154635
3348973
3991417
2935084
46995602
3348141
3516778
31548337
3797376
2873547
2910492
2962468
2909637
3833714
14823924
2899107
3733409
4295707
3759261
3844986
2909030
3618995
12523025
3694889
3685619
3555410
3594426
3452946
3591793
4569915
3543103
2874897
2907072
3319768
3848181
3576741
17361951
15029417
3693404
2912833
2916433
2932363
3714081
2968025
14819470
28031963
3819764
37365743
13871520
3365376
3393590
2688147
3619873
3650631
3352866
2910898
3765111
2906982
3751702
10404647
3648403
2866527
2847762
3537028
4086480
2969127
2896340
2873772
3643701
7939363
3666381
3799266
3563196
2986047
2983168
2920639
2879510
2881580
12225125
3670498
16572424
3599264
3607791
2385656
2822405
3834591
2996938
3565423
2543427
5721242
12374142
11857474
10234591
2719715
3001167
2886125
2470706
2556431
35039442
3697184
2935152
2597517
17435616
2965280
25555115
2498944
3152526
2950205
3804194
3911991
6020515
3796251
3821856
2945143
3775686
3556176
3762074
3499588
2875100
3709311
23690626
2499642
3110225
4258785
2896767
3752264
3629571
3211025
8288676
2507471
2883514
3299720
3644173
2658402
2862747
2865132
4537223
3909517
2941925
26115905
6821337
2989310
3924749
3818324
3699298
3659586
3774741
2581159
4487025
12134810
3387808
2911505
3928777
2952432
3939261
3653173
2772500
2182931
3571183
24822175
3900021
3554691
2908759
2889747
3652836
2828300
3978907
3998617
3756314
3217572
2486614
3228665
3296458
3580048
4414484
3042680
2907949
3025107
3861343
3833534
2992123
6737973
17838750
3694934
3632541
2876338
3656886
20297126
4261169
2967733
3012327
3065967
2981524
8374243
3013564
3731541
4242540
3661431
4049174
2978847
2983887
3018245
2921112
2853747
3646266
3629098
2218841
2972210
2641527
10528757
2948405
8307757
4145992
11153673
3964866
3844447
3980954
3863752
3047450
2867247
3159365
2889162
3287863
3694911
4107314
3526409
3756831
7857643
29558590
12324777
2178251
3193993
2653520
3525846
2532222
2465712
2421297
6173156
2726330
27806715
24016539
3688116
2916612
2947730
2921518
2912764
3021170
3746346
3567223
3806016
4037835
2931507
2912562
2949215
3811731
3881953
3766866
3496123
2986115
2901425
2887902
2951420
3503391
3094566
3967206
3724994
15269312
12996134
3774786
48820265
3701301
3806983
4304639
3041420
1960023
2610252
11974744
2434931
2298716
2638287
3412153
3740743
3967161
2865132
3649078
2490912
1908858
1911018
2433716
3107592
13807957
40451646
3589206
2899557
25609586
4457774
3073573
2934635
2878093
2944400
2945704
2884482
3226101
2898387
3737256
2949350
3773458
10731415
3697904
3713046
3519748
2451019
2461527
2889658
11122084
2974662
3016580
2987285
3798253
3807659
3017323
3678126
2909772
3602076
16629079
2921022
3681141
2980985
2967215
13654867
4177177
25466756
10908738
3752557
2969150
3773233
10846526
42525677
2442514
2916679
3765471
3547243
2908872
3934086
3548098
3607656
2887767
51860762
2828884
4618222
4074239
2941250
3627231
27404797
3638526
33240475
2908174
10764985
2418709
12876073
3730168
2458219
3456928
3860557
2776279
2985552
4379812
3686609
2929415
3152435
7298247
2955200
9119490
9726451
3780298
2938865
7001291
3700559
3697971
4158682
3092496
3650789
3780163
3828246
3013363
3613146
2979118
3471711
4382467
10908040
2990322
2513614
3805094
3125683
2908827
3218315
2586469
2881310
3266555
3537006
2906375
3627501
13746375
3855877
3780546
2946695
3990876
2956977
2925724
3739438
3881346
2874492
2935400
12262340
3587451
2869092
2538972
2483262
3715521
2902437
2834172
2894945
3496595
2905475
26569709
3903037
17210863
3659654
2886844
11184319
3886633
2959857
3731294
3829687
2961860
3935662
2975832
3912441
24738093
3702021
10622357
3728864
12651275
3014488
6566096
11009133
2929955
3035007
3667101
3005285
7450527
3721169
2966067
2922575
2963592
3718356
2967980
3569181
3783088
2895867
2888645
2938639
25055996
3125187
3467121
29456688
3902317
15349592
3001369
3987367
10594885
3746391
15152110
31236666
10329744
3752489
4057904
2779834
15282295
3256565
2974888
4085039
12150492
3828449
4037046
2905137
3106512
23909192
10748650
13000318
3714531
3702898
2930652
2883582
3778049
3648606
2932970
4442092
3665188
3468224
2926220
3756021
2650459
3613641
3737548
3697319
3263675
3740136
3753096
2996532
2947955
7480835
11595236
3871131
4065441
24887673
15008019
3657853
3791032
16427975
3715971
3654006
4072282
18593468
2503129
2554047
22697880
2280311
2863355
2426089
3705036
2813629
3687171
6308762
2997162
3821811
3923332
3698534
2768337
2984675
3860421
4305540
3744816
2957810
3489531
3081808
2935647
2955898
2595267
4327770
15834311
30678125
3772019
3691064
3096590
3009357
3677631
3474298
2943994
3017322
3693831
5222101
23758059
4357110
3702471
2975877
2950408
2808027
28047016
2858270
2464721
11943852
2985305
4006266
3010302
2998805
2893774
3005443
3030800
2911550
2893460
2876473
3022093
2872827
2936683
2875639
3800008
4047914
3907941
15896051
3422413
2436799
3337048
3089727
16532375
10439117
2499777
2488414
3635511
41802931
3948531
2888848
3957081
3536623
3698151
2224038
3398428
3813261
22107276
21465935
3511783
2917850
4180574
3795779
2969555
3769386
2907162
3643071
17816722
3148296
2986993
11709402
3603268
2954773
3530863
3748844
3612741
3515338
27213232
4043212
2830392
3711066
5498807
2701040
3872684
3708929
38413435
9660008
2403702
2642561
3747201
12182533
4545030
3805836
2913688
3922701
3445836
2988478
2922012
42847315
2953557
2899715
3003237
3697138
3009110
3561014
3723621
3579216
2960420
3600276
25777392
2890985
2976079
23483041
3755549
3383804
3728009
2487491
2461459
2885292
3252605
2573194
3080637
2896542
2507201
2894494
2462719
3909134
3718266
41885596
2488527
9811074
2485781
2227301
1815641
1812738
2209301
2209594
3161323
3081920
3049273
3717906
3504718
2656714
3416563
3622529
15613810
2928829
3756224
2988433
3892956
2881850
3775281
3639854
11298078
3746886
2947280
2985462
3820214
2969600
3001910
3849599
3975711
2909997
2990435
2900052
2920370
3685754
3359863
2866257
2848122
3054830
48552582
12873306
3636410
3701683
2918142
3726951
2903068
3624509
2894022
2883312
2843465
2913012
3461519
2934770
3100843
2999119
3744479
3723891
5778414
2885337
3768846
3615734
3436723
11163146
3356668
2875550
7167252
3982732
3200091
3744883
3609906
26556096
3773999
2903607
38875069
2936569
3603740
2884730
17500731
12716143
3650294
2870510
6167598
2915780
2920010
3569204
3104330
3621740
3718424
2960083
23593178
2847357
3680151
12136408
15395762
3725623
12556888
3717726
3387448
3618996
2916140
3872932
2826949
13216162
3293376
3017323
3747584
2895957
3447973
3745244
3852052
2881850
2836579
3663478
3775259
8078706
3622956
2907837
3208168
3652814
10745882
3865978
2894788
2998310
2932159
2966630
3962594
6609341
3738741
36091072
3587136
3863346
25786842
3720831
2952613
2935220
2987353
3155450
2929932
3821428
3163461
3806084
3872931
3036965
2959655
3809976
3456185
3824196
2952950
3823026
2959970
3568326
4271857
3834613
2922889
3723149
2920707
3609276
3775799
3702921
2922394
3834074
3007558
2955110
3679251
2869767
3734916
3662106
2927278
2926827
2931440
21200502
2900930
3632271
2950857
2937628
2961005
2915420
2917355
3921329
2934950
3783358
3037145
2964628
2942240
3526296
3556986
2844904
2711974
3447771
11855427
10934073
3741621
9826576
3886701
3748979
3821789
3358153
3576291
3584435
2962265
2975067
2901448
2917198
2914182
5676310
3709288
2936143
2917062
37327268
3536646
2933082
3645951
3614721
2513029
2991267
2415627
3328611
4015514
3177792
2982717
2940844
3629233
3665301
5230561
2920775
13832618
3625881
6395140
2894607
2887430
3766528
2917535
2904485
2927795
3015680
2951802
2874807
21609035
3748574
3357501
3644691
2883965
2933060
3370078
3002652
2927390
2938640
2958327
2922777
2867517
2891367
2907860
3661048
2896633
3773233
2983617
2982289
2862342
2899805
3780411
15968861
2899580
2883785
3653398
33285497
3051927
27522359
3737796
3742926
3483591
7512200
8542926
3533721
2938415
2967080
3666854
2858517
2969870
2934859
2923970
3916288
38636568
13200367
3996659
3512616
3227023
2810255
2883672
2878025
2851024
3595641
34940959
2783300
3560540
3682986
4013804
15813836
3008120
14345393
2879690
26579204
2845602
40553301
2583972
58257433
3045245
2577807
2728714
3456074
3387583
2246426
1961666
34323334
42429309
2912068
3750667
2803842
3650136
2849990
5412743
3537231
2930360
3541438
3639268
2964673
12844776
2963480
3044750
2920235
3748101
4446683
10241859
2653902
3385063
2095608
2672082
9458161
2879037
3518241
2998557
2917827
2851655
2930067
2893460
3766056
2873367
49695989
9107205
2922373
3732801
27022206
2927188
2928920
2915689
3814566
3843726
4124909
2964785
3754581
4247804
10548602
5902142
3632968
2909817
3645411
2179759
3305165
3114725
3218451
2343356
2690127
2653991
2666434
4111004
3785271
3733409
3853626
3335676
4028947
38975351
3044075
3698129
3082663
2935804
3011248
2843848
3450966
2912292
3900247
2784785
3196131
2668977
3656121
3389630
3223468
3709154
3842398
2778687
2700522
2639277
2684187
3367063
16608065
3991619
3890122
3918427
3890459
7910068
15331907
2961072
2856132
12489298
3652341
2487042
2969622
3124356
2983663
3628514
26688553
2906893
2966449
3786734
2809512
4131682
2511544
49963626
4035134
3109325
3477223
3914106
3000763
2743430
3962054
15964002
3566323
3840936
3629053
3179750
3648178
3793394
3038608
3475243
32296530
8733479
8725920
2831045
3600253
3868003
2997208
3729201
3589161
2981908
3015478
2474599
3247926
4884375
3932174
2932925
3267770
2496086
3410579
3884766
3029765
2538162
3248601
3838597
2995678
2980489
25809184
4179067
2552652
14794989
2272796
3982597
3790109
2954570
3038495
3869668
2937672
2871837
2919942
2487897
2986655
11308676
3050375
2957584
3857766
3394198
3668564
3494301
2778080
3146405
4076804
3630336
3767766
3859387
2438644
3810809
3652634
2850822
3661071
3253663
3091888
12999013
4522034
7576370
3206413
2631132
3463318
3902946
3276590
15099617
2769079
2897779
3960164
4013736
2695369
4041794
2673792
3844379
25914282
2457972
2466252
3878129
2849405
2569166
2655949
3992091
5431216
4422292
14280008
3829011
2916433
3871199
16706007
5993717
3081155
3975981
3375951
10795315
40569974
6356193
2977835
3548368
3932534
3524564
2936390
2503804
2543584
2578302
2968812
12519560
2554834
2525224
2595289
4042019
4018822
4306192
4492020
3168635
4076264
3895273
3051162
2740729
42776215
2555329
3782549
5791464
3404324
2574004
3642351
2914002
11470294
14728546
2969307
3743263
3802102
3085002
3931634
11782459
33051901
41706473
14671442
4119127
27930083
3128450
4243642
3847439
3580566
3317068
2927232
2891254
3767204
3335226
10449108
3928889
3897209
2910425
3432515
4497510
4079707
2931598
3731721
26549076
3489688
3890887
3021755
3055595
2962467
3768014
3021530
2948719
3218720
3420883
3634453
3023353
2913552
3997042
13787078
12225575
3922072
3880942
3674143
4054101
2937334
3617849
3857857
3557999
9263625
3027313
3863166
3662084
3556985
3794384
9145005
37184550
2988050
3003125
2971310
2938595
25202246
3928776
3871851
3983811
41303407
3056518
3727919
2906509
2543876
2576884
4176592
18534900
42102766
2804607
3828741
3506451
3441538
3875879
3007917
3008930
3004295
3094880
3609973
2986025
2978982
3586011
3153561
2990728
2751350
3286355
2971174
15836898
3685371
2895417
3792134
2933262
3502805
2710872
2932812
2907635
2871477
3375590
3599421
3040925
3802259
3577190
3813397
3821631
4444905
4317262
2960960
3080367
4037519
3554038
3948149
3341075
3796228
3798636
3830766
3012823
3050780
2941700
3902721
4713015
3510771
2954120
2593849
3134615
42912925
4083577
2908444
2929032
15131703
2515234
3932714
3370955
2636330
3262370
2974325
3805274
2856379
3059060
3886837
3665593
28021253
3923782
40811939
3015613
3087365
2911573
3779039
3026975
3931071
3411681
4662840
8556112
3818098
3049295
2922620
3055663
3947361
3602480
19665842
37783411
2959273
4201882
44165615
3032083
3477718
6731224
3856574
2478424
2946830
3767923
3341053
10495547
4073812
2911415
2694289
3224593
4157985
3020293
3584593
3815804
3665414
3568596
2926152
2943815
3701571
3132051
2925657
2945525
3673693
3574244
2897194
3019370
6640931
3136573
2266159
2690734
2288006
2462179
2889410
4216755
4081124
4628955
4009056
3353450
3687329
2941767
3893294
2998558
4071022
6389763
13477972
3794631
3017458
2922845
4098854
3819336
4719000
13246266
3736784
2945277
2925365
6453505
2996735
3293038
3844851
4075319
4403774
3841004
3662286
4387350
3742589
3645344
2961523
3993892
3775101
3265341
3502805
2917783
2974032
2940598
2960532
2857280
3822126
2854242
3433348
7303377
7464432
3696667
3733453
31039476
3621989
2853365
2996083
3841117
3100843
2855479
3773144
3227495
2902909
2873998
3004745
2721987
3444216
3452293
16448495
2451019
2495704
4067962
2911842
3728076
2752497
3708028
3337678
2823957
3426778
3461271
12889236
32254005
3206705
4072035
2999885
2900120
3011068
2874717
2984383
2977249
2947729
48671090
2963029
3028145
2993022
3576021
3302735
3002292
2776572
3758407
3189965
2913799
37075201
39571535
2910470
3075913
3031272
3602751
3099402
2363562
1994696
2921315
4354140
3284240
4121107
3209810
25930865
3083900
3184318
2204171
3483163
3935392
3205333
8994637
3219417
2823440
3660711
2559560
2474059
2741810
3566908
40031120
3016378
15971314
3691176
2951240
2493319
3330208
3184115
3775686
12487678
3599871
2890264
2910740
3597868
11588937
2955785
3628334
3863076
3795509
3087725
3616363
2962153
6932847
3809909
2927682
3976387
2796327
3602279
4004534
2348103
2511950
2957809
18073919
3675381
3530301
2421701
2465824
2892627
3522223
2932789
3598341
2957563
3546816
2961702
2937583
3720651
2581856
4229152
2842542
2689744
5039221
3388033
6318258
3714644
3510861
3365443
2996555
4592662
3053390
3012395
3909066
3818752
3047315
4177627
14928572
6457263
3537951
3887646
4091519
11465006
3324111
4469205
3836729
2941228
2438779
3631079
3037955
3303185
2935759
3818144
3710436
2851160
3800886
2950790
3191270
2585952
3903891
3715881
3789681
3879546
3814589
3976859
3441043
15769444
3958837
3833151
2964807
7860726
3858081
2991627
3753096
11447974
3092113
2527294
3108740
3048080
2939135
3755638
3861209
3023802
3027380
3073752
3597351
3023848
3475648
4007526
2642224
2894180
3928529
3165463
3742611
3739236
4182150
3676573
3499948
3116638
4087536
2964155
5189566
19549089
2492869
3034130
12814874
3709064
2463596
2541424
3236428
3868251
3597194
2736522
25225893
25768527
3787544
4317690
5050650
2898882
3943222
4184714
3823678
28244589
2974257
3655423
3559956
3489239
4212232
3824872
3817357
3021395
3162178
3891561
7716162
3026998
3043175
2971603
3511536
3082910
4003364
3574333
4095029
3931409
4855418
3165373
3891696
3018132
2994417
4829925
3921082
2766402
3338600
25765715
3971234
24866996
3005420
2967935
3760747
3405426
43766149
2936727
3187062
25260949
3878421
3021980
4088369
3285657
2985823
3422684
44606526
2468457
2911077
3519141
2879285
11116526
4163361
2818219
2783975
3186072
4228365
4410683
4003656
16332506
2942578
2952545
3933546
3815669
3145730
4516365
3221713
3575706
3237958
11229858
3791819
3266308
3112903
3233480
15417408
4490512
4174815
11552352
3011112
3559056
3721596
3681861
31264274
3771411
2997860
15350672
4758308
2476422
3027470
3613844
3625071
3925063
3351492
4011127
45255448
3915096
4023434
3064528
3989616
3900854
3520063
2419789
3200900
3396718
3669689
2873525
2723315
31222694
3706837
2923025
3647391
4647000
49084056
10935040
3775686
3336013
3699794
2704797
2525067
8486631
2506550
2529724
3977376
3106468
3796026
6018130
2940710
3320668
3858914
18014902
4021746
4014007
3548930
3043265
3116053
2893032
2955402
2973402
2995857
2912090
3031947
3974631
2805102
5984628
3089075
2841934
5177686
2952859
3507711
3615891
3619738
2448589
2446586
3759081
6205038
11252583
3789276
3584188
2997387
3016288
2959025
4330762
3033343
3032510
3382993
3280191
3532101
3618276
3051950
2946425
3216741
2908085
3718829
2962535
3514416
3960817
11840127
2871005
2519554
2893415
3115918
2923677
3323795
3209878
3519163
3481858
2898477
3812362
2891007
2896430
2992415
2990547
3765921
2834779
3904566
6852814
3852591
3090673
3756246
25090331
3841229
3817198
2937470
2849630
3653106
3034963
3807748
2885383
3699074
3229700
3609208
3275780
2537442
2911010
2876787
3588621
3205827
4465852
3841296
5964917
2568357
2493139
4175602
3082617
3022610
4644998
3689578
4013804
2911594
3632294
34102743
4167682
6614111
4443488
3417688
2982627
2990232
3004160
2981750
3721686
3803227
2914925
2927007
3000154
12353960
3886859
10391732
2923362
3949049
3788219
2973267
2928425
2928673
4847026
3691356
2964717
3000537
3529198
3885554
13329292
3077983
4889573
3081808
2934320
3820776
4481220
2896992
3908841
17553719
3764211
3739776
2926895
17074828
3913769
2507517
3756899
17312361
3833016
2943770
8344026
3474725
2941407
12776848
3577573
27413235
2970297
4535985
2923948
3837944
3606306
8257131
4658902
2996825
3918786
12704353
3507530
3741846
9736981
3742409
3358963
3806218
30034174
12760919
4054844
3475513
2962557
3056585
2926512
2925860
2917760
3915141
3034782
3031723
3542158
5138851
3695991
3888141
3836773
2951532
2800692
3778814
41551358
4042492
3431413
30081649
6087925
4070549
4756507
4598805
6419755
3936089
4035584
9731244
3770061
9953454
3569901
3058812
3008592
2983775
3687306
3663839
3114140
3203803
10196116
2996848
11654389
3768981
3967926
3696217
3178288
3875249
3607588
3739843
3796993
26348803
19169986
3621943
3756359
3706476
2862703
3622754
2995295
3967454
3604168
5074523
2918569
4638472
3832679
2975562
3652386
3995467
4316160
9213225
2906194
2966382
3825434
3063987
3963089
4174455
4360529
2643709
9329640
3004250
3682266
2935220
3743533
3725241
3690141
3712529
4537267
3829754
3493716
3042815
3913522
3833376
2968227
2887070
14517631
5715460
12054395
3662556
2996735
2943140
3462801
2973448
2948540
2915487
2918390
2943702
2472686
3625566
3706723
4509683
13107824
2925950
2906465
4147859
3794114
3663771
2865267
4442857
3457334
4837305
3373903
2979050
10969488
3740902
3599376
2969105
2953624
2927615
2989242
3630021
22685842
3624081
2914227
3663366
3267298
2906960
3966914
2940598
3678013
2892537
2988095
10705022
3959916
3802079
2839504
2489899
3013048
2533932
3699838
2751890
3732958
3468763
24175052
3003890
2956753
3121138
3007670
2987780
3827324
3010212
3795824
3018875
2917760
3867734
3675156
2987667
3059532
5826992
2911347
2930090
5757219
3057957
3960906
3223918
3849374
2816352
3000065
7275949
2913485
3493626
3598250
3012260
3611594
3810426
3022295
3634633
3720494
2869047
3741756
3756944
3716331
3039080
3404256
3011427
4090237
13624424
3741238
4854181
3099988
3732643
8410582
3323638
3897591
2874897
3105613
11127325
3793123
2940957
2874875
2915442
3801763
3565491
3280190
3339973
3885801
3970379
29695144
3842242
2559717
2445844
3945786
3752151
2858045
3828269
2963434
3675111
3799424
2802267
4071021
3039372
3825501
2952702
2860588
4127992
2972615
3638953
4107359
3653151
3835266
4021566
2598057
3691288
4065644
4194277
4909103
3524834
4335757
6635778
2963862
4318747
3456838
2952320
3876688
3785294
2897532
4064879
2641617
3845414
2830482
2903134
3842736
24868594
9564451
2888689
2252547
4089674
3062165
3826086
2636600
10788250
3512391
3476503
4594822
3436993
4118340
3407833
3003643
3748798
3640664
2993090
2933645
2920662
3357590
4026044
3040183
3808491
2948832
11283499
2052611
3721776
2946875
2996375
3038337
4121196
27185489
2497302
4070166
3047765
3713969
3150568
3500938
3734871
3469663
3988199
4398308
2979365
3149015
3532124
2614977
49133352
2994620
3761983
3717028
2938954
4105672
2872489
2815002
3068578
3770016
3494121
7891820
3033793
3685506
2942757
3822509
2903360
3676551
2960420
26787666
3065922
3032173
3953031
14076653
3845144
3007400
2896227
3496529
3807749
2988027
4444253
2998962
3794114
3879951
3856663
2868688
14097263
2613244
50671658
3330072
2953692
2970320
2965550
3081785
6116837
3918652
3971797
26069465
3006613
3589566
2982335
3815939
34797455
31180844
2943118
2957584
2862275
3736491
2928853
3816637
2810007
3503459
3707444
3636411
2923294
3138350
3163033
3112542
3351763
3207088
2427574
2433469
2053173
3883416
3830969
2986767
2912135
2943635
2929977
3166453
3697904
2956887
3025828
2906779
3119247
3774043
3890639
2951105
4058466
2943230
3709063
2416076
3479249
3664424
3352123
5594837
3786081
11299518
2902639
12047419
2410609
3067722
3012237
12195943
3716893
2760349
9967697
3342043
3755324
2769350
2685244
14603424
2875100
2951240
30549740
3754941
2855593
6786889
2498832
10776617
2453517
29643168
2878137
3979109
13927050
3970559
2939247
3661566
3150208
3136100
4057432
3830293
3744141
43337658
39623667
25939595
3414786
3458009
3727558
15182484
2976688
3929204
3773841
2966000
2951825
2952860
3807208
45241026
2468052
3686384
3786037
2972615
42033534
2925162
3217955
3645344
46088761
8771166
3735343
3580206
3539976
3984306
2852779
2710175
3700356
2868710
2944468
8429278
2449129
3857452
2980017
34763479
2687922
2885922
4663650
4233697
3474118
3753907
3626263
3688656
4049174
3977286
3045515
3005690
2740662
4116494
4240537
3103722
4073046
2991448
2973222
4131997
3751926
3940679
3010370
3857023
3985634
3276321
3708636
3688904
2905002
2988860
11427049
11250806
3748213
4635435
3883147
3678801
2735217
3084350
24264782
3980549
3018425
2500811
2952297
2861352
4015559
6167665
3620301
25479446
4416510
9299513
3366658
3671241
3439625
2851407
4046497
3986467
2976462
9811973
3024095
3038270
4017584
3046123
4790595
3499093
4190542
4231582
3099178
9467161
4431832
6824351
4026066
4091744
4188494
2976035
57310946
5005763
4229534
4079122
3822374
3046708
3962954
4145542
7870468
14525214
4193984
3130745
3692279
2909458
3729313
2898612
8846879
4041141
2877350
2953558
2965257
3846269
3678306
3724903
2994732
3900426
10217807
3070648
3049700
3167983
2471381
14892256
4111949
2928785
3563106
3660823
2893955
26268073
2938662
3423178
3645478
4530338
3844221
3123725
40725134
2608564
4431224
4714073
3769746
3282305
2918030
27135336
3856371
10400507
3677316
3720966
2847762
3585246
3409003
4008539
3668766
3823724
3194442
3662511
2571057
3546343
2982244
3633148
2664882
2926039
4387732
4411605
4122344
3770353
3090335
5516829
3046010
6828581
4115797
3163797
3830001
3799468
4263780
3453283
2975068
2553485
9037185
4294762
3232152
3662511
2967777
2926827
2920392
2932745
2972097
3745648
3333538
10643642
3861501
2969037
3284150
2905970
2541626
3026458
9814899
3681411
12656473
3678981
3066058
3643161
3142693
3582096
26609084
3982754
4321019
11553746
3441943
3866608
3089705
3748056
3306178
3034625
2700207
7238892
2842429
15018459
3968241
3926009
3028887
3245450
12217340
4079122
40807057
2454484
3363418
3667438
2964244
3573568
10537735
3926504
4037226
3451055
40711476
46128292
10139012
8317071
4080944
3086060
2998107
2891817
3845166
3804891
2930990
3767159
10877418
26137753
9706561
3063920
4015942
3007737
2970972
2933667
2968587
2882570
15104680
2446002
3283408
3490746
4051987
2666997
3821699
3720313
3241176
2856807
3804982
27249884
2984292
4964835
3042972
2929843
3289191
2239563
2666412
3392511
3113308
2909345
2944422
12592303
2928695
3517881
3956046
4635300
3236495
3948419
41157675
4070256
3050218
4213042
3690456
15116807
3576651
3051860
3774067
2503444
3857856
2890354
3972989
3033747
3787364
35360787
2971625
3976611
3559416
3871131
4403100
4724355
22222837
2183133
4640160
3969029
3647570
2647804
2674579
14503208
4457303
3029562
2971670
4761683
2933982
4072642
3112565
4154452
10102224
4162147
4306192
27251977
14495356
3557751
39227599
14838931
3766753
3944504
5877347
3138687
2935624
3708726
32337728
4062224
3598341
2197354
2926715
3262865
3648201
4199767
3111103
3053818
3979694
2908962
2916185
2971175
3181145
4532588
2896160
2983415
15474040
3513043
3052873
3015973
3265025
2892380
3856597
3641293
3594358
10578730
16255511
3775754
2997838
2867135
3613393
3042275
2934410
2881309
3309913
4723006
3705329
3636141
3704496
3765291
4087289
3015320
2542977
4293457
2598642
3733814
3102058
40450499
4161314
3534508
27345869
2871252
2817949
3837156
25956492
3552845
3877589
3818211
3894014
2905294
3672389
3482623
2257564
4122591
12279665
3923827
2857369
4097729
4190114
3391318
3464781
3342718
2921337
3824083
3744456
2941768
3026525
2929212
3907311
2930404
3620999
3021170
3863482
4079932
3593616
3838821
2935400
3953459
2952995
3644848
28152451
9138637
11766169
3458346
2963975
4247130
3066215
3006522
3802124
3965474
3660801
27511560
2939023
3916716
3509218
3519591
3894262
3564524
4851638
3951457
4365682
3720043
4490287
3207448
3268198
2936007
3999517
3929766
2608452
2963885
2916073
3939239
2952882
2942015
4084206
3120575
3836684
3907806
3849869
2914857
3786599
3927742
14268803
4033334
4476697
4313212
3235595
3788128
43415284
2291314
4016257
3792291
2906802
2982357
4016887
4599007
4287697
4307497
4219117
4084207
3017255
10117681
4347704
2848437
3912959
3937011
8794184
3226325
3924118
3493018
3721596
3543036
3751363
3398046
42329567
2506076
3213815
3325730
3017525
2426539
2883987
3239353
3994206
3124310
2862298
10769327
2999863
6377005
3423494
13490887
3831014
3010865
2985643
2598304
3424033
3585651
3107863
3083361
2928987
3811011
3038315
3768081
11596677
4801777
2962557
3858914
2975855
4079751
3263698
3644961
3145167
4936013
2984518
2490641
8387856
6187600
3050532
3722496
3507621
3556649
39086839
3588959
5025721
3294523
3018560
3011314
24401199
3863009
3788669
2966810
2921810
2986880
3880829
3668811
3026165
3829573
4143359
2959092
3359323
3618636
3744816
3775079
3719954
10406087
2731662
3897344
3009740
3010145
4700415
4083981
3615913
2829402
28145610
10789240
3655761
3094723
4119284
4013197
3741081
2943027
3345238
3318575
2973245
3571836
3232806
2998355
3561553
2894540
3580273
2557107
2724372
2260151
2564420
2046244
3278278
2452864
2376747
3972472
3074360
3252111
3702178
2962715
5977315
2925207
2978623
3601535
8868187
3640326
3783786
3721213
3010122
3853941
2969893
3830114
3799064
3288650
3112993
3236450
8191543
2530872
7485154
33720693
2953467
2406918
4144259
3608691
3465096
2936143
4344465
3572083
3713496
3312523
3175700
18299910
3654479
3210462
6472068
2962309
3745761
2931530
2928064
3677968
2955380
3230983
8196831
2691859
3118797
2514447
3306268
3817784
3879388
3846088
3186118
3783202
2905543
3533406
3888434
2942713
3693808
3733206
2894652
2873818
3311128
2851024
3666988
3798276
3776294
2656422
3216740
3456929
3014668
2905564
3709739
2881647
3581128
2924442
2895013
2913192
3994094
2946199
3918966
3665571
2935108
13796865
2931260
4507162
3746908
3939487
3033770
4170584
3885396
3707399
15660521
3847619
3467188
3583693
3310407
3115603
3697139
3555951
14674456
2414906
3014083
2508056
2794887
2510037
3123455
3777936
3930577
5538069
10839595
2778260
2928987
3914602
3140038
2902708
3831734
3976161
3767631
3058543
9882399
3792741
3644061
37795404
2744936
3429726
2863894
4139017
3020405
2943455
4222289
3991439
3697927
3093552
3953054
2789487
3761624
3623293
29308683
3749113
4014299
3088445
3932421
2811132
2900975
2772140
4186627
3861096
3795914
3833219
40732289
10269265
3719346
3841791
3766214
3757191
3047248
3723778
3697768
3929047
3025130
2974527
3767743
3862131
2707790
3010302
3887016
4040331
3196220
2881377
2853410
2817478
2520229
3465389
4040444
3547851
3853829
2703965
3484964
3421693
2706011
3699186
2905520
3025220
2986745
12202625
3329825
4099844
3104060
2416144
3658124
3456028
10416347
11247588
9665633
4152967
6998862
11042771
3615351
3496460
2866122
3743264
4205931
4138814
3114838
4005951
3795059
5646541
2493161
3753478
3775079
2890557
3839451
3722991
3805994
3739844
5014741
15162572
3847034
9559051
2930585
3022655
2959812
3846943
2918322
2915285
3845863
4279350
3030012
3032848
3652048
2978982
2871274
3591838
3749451
3654839
2846367
2950520
3718739
3730664
3620616
3111170
2756390
2695729
3714576
2956640
3745762
2941745
2929212
3672884
2917130
3612156
3629211
2988793
2817162
3825343
3564906
2944917
2932070
3651261
2984315
3016940
3835176
3750599
2911347
2945368
2491789
3909809
39391580
25901188
2936593
3618659
2933420
2968317
5569299
4025616
3902092
2952545
2994778
3865394
3540291
3512390
2929077
3054358
2940057
4101465
2925725
16776478
2540344
3332323
3220273
3159478
3281203
3663186
2952454
2008894
3856417
3048620
3823566
2593152
4442137
3850116
3145708
3009043
2873659
2939968
3000763
3477943
3977512
2915059
3922993
3862086
3839879
18815318
3907559
2886665
3780119
4004804
3943852
3668519
3814611
3049363
5305576
2885697
3880963
3766596
3715138
3636209
8639654
4086480
2957743
3681973
3614024
3670071
2924555
2906892
31644007
2924735
2964740
2925972
2969645
2821752
2824609
2905970
2899805
2983033
2922350
3038270
17524829
15212612
15761119
3735029
10776325
3737189
3671961
3736806
2813809
3400521
3940409
3767361
3953932
3663861
2847740
3849239
3107232
3592198
32402191
2903495
3000042
49570731
4134494
3826469
3693268
2919065
3543576
3723396
3684223
3532979
2984944
29449241
3380946
3737009
3543913
2695864
3425923
11928867
2921472
3637176
3743016
2909030
3905512
3773639
3558404
10469627
33302147
3799896
2463619
2514784
24636145
3298708
3106535
3115940
4748633
26927909
3488451
3793979
6841767
57279401
4564402
3754581
24946038
2959677
4207687
3700626
7050049
2902077
2595335
4197516
3120013
3238498
4312853
3832139
3594268
3798298
3346768
2953129
3578181
2674399
13241295
3864269
26602176
2944580
3717276
14824419
2895620
2961185
3671983
10671407
2194924
11433664
2466319
2549367
2384531
3679138
4709843
3166003
3151760
3824871
2859282
8730914
2921675
2902369
2923092
3755616
2927008
2362662
3876846
3568146
2898185
3671376
6444438
3787836
2771690
4529504
3198786
2957337
2964470
3780097
3031430
3619311
30755480
2840202
3790221
2943613
3582860
3016288
4323787
3552081
2964694
3835514
3913139
2909187
3016287
2928514
2911168
3648583
3670049
2991898
6198985
27137384
2913372
2900570
3689737
3735478
39755832
3676618
40650479
3794833
2892740
3813554
3017098
2890197
3750261
2906487
3665009
3292926
3912059
3895094
3681524
3226573
2717240
3805567
3372396
2923700
3657583
2986047
3072920
6533426
4003522
3879479
3907919
2910628
3832004
2905519
12812466
3605181
3839474
3252988
3014263
3677158
2869767
18968431
12996044
4162079
25909400
4032142
3943852
3930307
3119405
3418993
3036650
40317276
2952342
4776758
27067387
32616729
13897485
3831194
3979627
6868519
5354379
3710391
24931863
3913769
3645343
5681664
4555605
8260011
3081628
2949889
3453801
3218000
3828741
5769145
3727987
6739571
3497496
2876967
3673784
18023745
2933803
2907275
2845444
3696261
3713923
25012571
3672681
3848046
2687022
2923137
3547693
43048465
3575818
3472813
4263082
3768846
3811012
2977385
26904284
42244899
12477013
3735591
5571909
3994701
3899751
3044885
39229219
12524781
3192148
15194207
2842047
3914534
11570239
14195206
3913612
2784380
3719504
2970657
4260044
3993487
2965077
46372374
3742139
3914759
41570258
4211714
4741253
3712303
3708479
3415258
2986948
3096432
4135372
34777227
3803654
3691446
4073385
3865304
3903689
16079134
4731263
26376703
4180101
2904170
3416586
3811191
4598558
3128563
5006078
23059140
10877418
4092127
4552365
41459468
4193085
23695801
35360473
37940687
22414672
12018192
3746482
4960515
2836984
54849869
3769723
3124603
2690217
2446429
29695526
3757686
49924297
4844212
3975284
3597733
4143922
44231742
3915096
6993822
3377638
5100466
4269292
4603215
4199115
3981426
3900516
3967904
3725871
3680782
3808694
3000312
5317434
5161441
2853882
3182900
4217880
6394555
4168514
7361855
3663276
3523821
5144409
26590656
3548054
4581480
3387853
4200892
3731204
2706844
9751291
4200802
2832327
20509751
3286513
4889663
4795658
2925477
6921078
4723343
4092307
4143809
4737113
4194187
4594102
3589431
4101172
3293218
4576665
3016332
2985912
12506893
25854050
2912180
2969443
36647362
2966675
3712439
3653826
29095517
4103579
3739798
3608894
3917391
10521849
39491074
8106628
3925987
3907064
4134134
3100078
4854563
3911114
4295437
3481318
3844401
4077097
3535656
11170098
3348185
3464736
3043760
25336617
3064888
4276222
25051698
2924802
6111662
2974797
3073708
7376232
3968399
36624750
2851610
2107331
2604469
3915749
4682235
5199849
3979784
4180417
3894239
2896587
5071351
3785564
2901155
8489218
29123418
3037145
3531898
3911631
2869160
3728279
2493972
3683751
4316677
4119509
2976147
26755334
4437278
2864998
3689871
3603605
3592671
2938009
25981198
3896669
13272726
3069207
15080492
3029653
3963742
2964492
3540876
2885967
10995048
2908197
5367474
4678298
3851061
36416759
3970356
3907244
4222492
2952792
3776676
4099597
4361385
3003755
3017030
11714734
4488555
2967800
2970410
9478905
3733318
9027982
4398465
16900273
13668569
2876967
8620619
3918314
40880317
40136376
8903602
6554440
3760521
3605136
4674473
3904476
4429245
18042779
2303103
4649543
4478182
3958229
3673828
3949701
2976755
3496078
3050713
3685033
3954741
9864241
4332135
3559641
3995714
5533637
2915195
10650572
2880477
5126431
3197435
4548269
3883597
3222276
4968728
2939990
3004385
4042312
3911136
4108304
4092621
3945607
3930509
3858216
4064811
2962828
3016850
5615064
2721514
3915389
3066215
3530661
9366383
3971684
3978389
26305873
3078455
4037069
3787161
9460230
3885846
4493347
4075342
6779733
3678824
4347278
3884181
9556643
2488505
3389540
4435770
3212555
3036087
4118002
3983564
4023794
3855763
3048035
3085025
4625962
4768612
3191158
4077457
3886116
2953040
9847366
2968745
2949238
5168663
3816681
12304595
4454468
2980490
2939360
3923691
3684516
4130287
27738068
4246702
