6253030
3745784
3652566
3555456
3688813
5617337
5659389
5634729
5284022
5486116
4449562
4195785
5602645
5470322
6200561
5478039
5075198
5049324
5341284
6199120
5718654
4169549
5726485
5259608
5532467
3887736
5405207
5905179
5373234
5698202
5892489
5865872
5004143
5632411
5707089
5769347
3974947
6076473
4079099
5798057
6183730
5268654
5441454
5965299
5890824
6855289
6957326
3937979
5608471
5528529
5915597
5374764
5896405
5751324
5098936
5618844
5755397
5552064
5113674
5507919
5287914
4051650
5575239
5391166
5557892
6108467
5511227
5250586
4462972
5319234
4738215
5496646
5461839
7426857
3874889
5748197
5630454
5512891
4975658
5207971
5385271
4409917
5170981
6614335
5919174
5951170
6516641
5976123
5793332
6193360
5569321
5250766
5277474
5281344
5605614
6358871
5932157
4417185
4138206
3957172
9238177
5745227
5700925
5122043
5695951
5608156
5232159
4068434
5959224
5346953
5361984
6014350
5424511
5769257
5397691
7092597
3932894
3745266
4570207
6343930
5329921
4410547
5779652
3774606
4464682
5466204
5047276
6499473
5501732
5271489
5251643
6009579
5051618
5149696
5443456
6961826
5799857
4203615
4509953
5755959
5702791
5488884
6639356
5550377
5541332
5419269
5326906
6075662
6305140
5090161
5136736
4950143
5448406
5312664
5887539
5805640
6245402
5584127
5826002
6243423
5745497
5169429
5376631
3729696
3776451
3755819
5618619
5189859
5959472
5721062
3910528
5113718
5808947
6318595
5506479
5816417
6288648
5808339
6062050
5691047
7022261
5978350
6334953
5659142
4462253
6006543
6122328
5987440
5763970
6262615
8092678
3889964
5178564
5220368
4977143
4235137
5594522
5032268
5133181
5167381
5382369
5179081
5104921
5140426
5573169
5250361
5686884
5011388
5441342
4550452
5293404
3762389
3752218
5394946
5493902
5065659
3882832
5338381
6974719
5533681
5636866
5855162
5164523
3747404
5010308
5098576
5349743
5349789
3781221
5344996
5451781
5340856
5876717
3770421
5996102
5462357
3950219
5792612
5075693
5158899
4880033
5569007
4908181
6567671
3891044
5613197
5346728
3757349
3888794
5984582
5472369
5498334
3994364
6390775
5992097
5808879
5336897
5123754
7205457
5773442
5310706
5346998
4800023
5472211
5896202
5493361
5634527
5402259
5604174
5518494
5081926
5656622
5339033
5154488
6234468
5546349
3852142
5817497
3749788
3527870
3768194
5151316
5619789
3705779
3606823
3578226
3802596
3754153
5110231
5706864
3873359
5302967
6423086
6311013
6418923
5250383
4850490
5552154
4627132
3707781
4945688
4048769
3958994
3633103
3510928
3604483
5052023
4880280
4980518
4251877
5335861
4638990
3862514
5023763
6611005
5729770
5448429
5402304
5341284
3766663
5633559
3917481
6161680
5481796
6254605
5997789
5206328
5617292
5406106
5116598
3658303
5213866
6178645
5060079
5182681
5729095
6073840
5649174
3849104
6424053
5385609
5413351
6062792
5543649
3811552
5917127
5651784
8240796
6219460
5371547
7598532
3747111
5325759
5498739
4990283
5589099
3538378
6447048
5597897
3840216
5873027
6083132
6729468
6039393
6002155
5907385
6182538
6168183
6571541
5818307
5192153
5267889
5435312
5753237
5398232
3841747
3501614
3775259
5390693
5261094
3742049
5161059
6239328
4332697
5388061
5064398
5369139
5868100
3849553
5141506
5929030
5435267
6166068
6161613
6008927
4453928
6177880
3734511
5272141
5458081
6717724
4965398
4955881
5138446
3660531
5285596
4241437
5434208
3809639
3778814
4252777
3750329
5617584
7052569
6541098
5332148
5805504
4978494
6135490
5759649
6330700
5797720
5853047
5841212
5797989
4304662
5203741
5456349
6170658
5402192
5838287
3691108
3796882
6262232
5532399
4278157
3988446
4782563
3683751
5037533
5003221
6109480
5589099
3808783
3670273
6113778
5470772
5292458
5622894
4935923
4049129
6046683
5420394
5453199
4748767
6476163
5108160
5050246
5916835
5506861
5179216
6048573
5863622
6436901
5828995
6205533
6684491
6188140
5830615
4796850
5557509
5438664
5165806
3917122
3578451
5219873
5242306
4519830
5382054
5522229
5535887
5414409
5341891
3751993
3687284
5125351
6213565
4049016
6304376
5942597
6903551
3928214
5513027
5309761
3659384
3626534
3787521
5356358
5305418
5713862
5109218
5782239
5445909
3843276
5265481
5927792
6007487
6004967
4286820
6111820
3859701
3606688
6149642
5678762
5185696
4924178
5613376
5062553
4969583
5826295
5301054
3911654
5419561
6121495
3860759
5151315
5491943
5299367
5756229
5856220
5500651
3784933
3618929
5413936
5174198
4883948
5949392
5584689
5725989
5246311
6682938
5804042
5355346
5925655
6978882
5374179
4682145
5380029
5423184
4341247
5785300
5490234
5267393
5482696
5112908
5180454
5667602
3936381
4408702
3958837
3786149
5579447
5172871
5372558
3940049
3887444
3591794
3654523
3755683
3798187
3793417
5177618
6360918
7248162
6827321
5330979
4041547
5552019
5644247
3942457
3790401
5971869
5482764
4421213
6311688
5631916
5987305
5223901
5658939
5732874
3930644
5903244
5728981
5395622
5716471
4362554
5303798
5170688
3979896
6113417
3881054
5572786
3929766
5958168
5567567
7041004
5725157
5775782
3871221
4148895
5959135
5492034
5907182
5627169
4844550
5450544
6104260
6382586
5514219
5205204
5562864
5291063
5276146
5706932
3923894
5549657
4788255
5356899
4035224
5700160
6117737
5895707
5594027
5552919
6570866
4052752
3695046
5616819
5883557
5142676
5486612
3685056
3613438
3707917
4001744
3512661
5531297
5513207
4362757
5119883
6048437
5569839
5914720
6294408
5639972
5297026
4283445
5663192
3925334
6073728
6849731
5412316
5635360
4969155
5445279
5325263
5223159
5357619
5679774
5119253
5487332
4601843
5338876
6079802
5716022
4974061
3935774
5930627
5092276
6292383
4327072
5399131
5498424
6000534
5666499
5751347
6257732
5321574
5543649
6583061
5505107
5489177
5780845
5566351
5118736
4102972
5440734
5944983
6383530
5333971
5410448
5622331
5113133
5011883
4093409
6250240
5316804
5282919
5489267
5540972
10016206
6549198
7028854
4700775
5616369
3952671
5997092
5421047
6133938
5453829
6106802
6026275
5535841
4036394
5665239
5332531
7328645
5415151
6221891
6139135
3992834
5307623
5325601
5800959
5957110
4741073
7938036
6636408
6248778
5947907
5625571
6480348
5695187
5829602
3812587
6619601
5992120
3847079
5773937
6691669
6894438
6292270
7156295
7442945
5333364
4468215
5657522
6133285
6958834
5736272
6200313
3727784
7145360
3595506
6442953
6017770
5693094
5355032
5737037
5907790
5737014
5732132
6153850
4048049
5459589
5669560
3855809
4355400
5220009
6086777
4900508
5596906
5400706
5551141
6619915
5407906
3750419
6185373
6110447
5948852
6805968
5942732
6011043
5650479
3954921
5408064
5853453
6023890
5641614
5977135
5475968
6119807
5948132
5587187
6112270
5180296
5602599
3851399
5947997
5682969
5568422
5676511
5860202
6153153
5888057
3780592
4200217
5200546
4208182
6157292
5413622
5365719
5073646
5189971
5297521
5597874
4090191
5431824
4177087
5330483
5350892
5486612
5354334
3652161
5575532
5530194
6114070
5526527
6083807
5296554
4934168
5157616
5573979
5010646
7097502
5695569
5934497
5229594
5872465
4175219
5700542
5178339
6409901
5306904
4243462
3734354
5325331
5860652
5395689
5462064
5238684
5338988
5375776
4827181
4879223
5049459
5520924
4970371
5657409
6533921
5758187
5122043
4813770
5043249
3927471
4007347
3576515
6447678
4164915
4908406
6215185
5832617
5567071
5426851
5974142
6181075
3894734
3828224
3718918
5245636
4975568
4954238
4968481
5646272
5501641
5621994
4030815
5685895
5219063
5244219
5643909
5815135
3943537
5358631
5808970
5496174
5532354
4561343
6005710
6727016
5303776
5314576
5291063
4754505
4014052
5694625
6528926
5984200
5340068
5170374
4006244
3535026
5462132
4930748
3658258
5877324
6040990
5313496
5668119
5970677
5753844
5743832
5621814
5238616
5751662
5997768
5496669
5642627
3962099
6728973
5760212
6084325
5402191
3914151
3985161
5564326
5063813
5266922
6303408
6148225
5979430
5281344
6600768
6682916
5820917
5508707
5593981
5833135
5193999
3842287
3823723
3848092
5584847
5756882
6916849
5333948
5834485
5542771
5418593
6479178
5753282
5575712
4630575
5273401
5376947
5255086
5727451
5759785
4846125
5555214
3604820
3564614
5653134
5477499
5890307
5903109
6354528
6252760
6235075
4398262
5575171
5849042
5885987
5931594
5210244
5577242
5455179
6200763
5178833
5332869
5045656
6031743
6009017
5399964
5929255
6021843
6404095
6848651
5559894
6918963
4009506
3792201
4504485
6360558
6719884
3918764
6095485
7183182
4715423
6799984
3873898
6404141
5830232
6907692
5598234
5489199
6117287
5907025
6537296
5598887
5897732
6010772
5845577
7035604
5711905
5238684
5241406
5835542
5632772
5517211
6099535
5794142
5258281
6239081
6031899
5926464
5711815
6432716
6439871
5625729
6416065
5520114
5568714
6940631
6419598
5143756
5037533
5690102
4160977
6051272
3941354
5340878
5295496
5583227
5637497
5721624
6854006
5874557
7386898
5981207
6014598
5373347
4570388
5917464
5690372
5888192
5954679
5827037
6681791
6509486
7727120
7745930
6773029
6457488
6978769
5847669
5862767
5982467
9402068
9673824
5280286
4363139
5315881
6574443
5025113
5633402
8072586
8775464
5771259
5521599
4319647
5284471
5384484
5590067
5562144
5693229
3782571
5615221
6111617
6368613
6048820
4620967
5760055
5623974
4140682
5515501
5262241
7688555
3902473
6372078
3690344
5512554
5143778
6781061
5311291
5774229
5789417
7004824
6438093
5987958
6329643
3525441
5212831
5820354
5362794
5838468
5127511
5974637
6552259
5371524
6140710
6480753
5233981
5557869
5435423
6478840
5708350
5939514
5525806
4085714
5443547
5849987
5417064
5451916
5801860
3875609
3967882
6081805
5777762
5258551
5542209
5436706
5417424
5123483
6536306
5748984
5987260
5869382
5265436
4059299
5770067
3944301
3953391
7084857
7547119
6377073
6045805
5796437
5816642
6800343
4414035
5587457
3814003
6273393
5751414
5240911
5866120
5420911
5677412
5575577
4902308
5814594
5529384
5768920
6512838
6335223
4105042
5164186
6147730
6221305
6334953
4463265
5306273
4040512
5772969
5223586
6695111
5909860
6200560
4389330
5602149
6450041
6640571
7569755
7344372
6026657
5753462
3970131
5845442
6006520
6063670
5592137
6312340
5986472
5693116
5729185
5374336
5861575
6621199
5388331
5253421
6589969
5517302
6704741
5643460
5665487
5796482
5295181
5722907
5523556
6377028
6409023
6668089
6063265
5558927
5461254
5185201
3962032
3674751
6936379
4098314
5143598
3724431
5339349
4981530
4224449
3896467
6485860
5458892
5894808
6223150
5915934
6017208
5215644
6346315
5224823
5379871
5127354
4115504
3849148
3489103
6276992
6328068
6152388
5493429
5545809
4064542
5517819
5041696
6260343
4120139
5267866
5480154
5474034
5137748
4955926
4745010
5474529
5190151
4516252
3848834
3692437
5718362
5290907
5773599
3861478
3743016
3902001
4077817
5236276
4701135
3900292
5437898
6152995
6083200
5028466
5565091
5064309
3485053
3867577
4926630
5773577
5721489
5608562
4946655
5338966
5175143
5152576
5089440
5543559
4565190
5223946
5934857
4663290
3756651
5729410
5868955
5295428
5366438
6325953
5765139
6041868
5499684
6953681
5894807
5468859
5128928
5596592
5859032
5186573
4758420
5133316
5260419
4993501
5171611
5407772
5398007
5424422
4901700
6714821
6416785
5797944
5744822
6159835
5611734
5848300
5028151
5675747
6054648
5691362
5715910
5477117
5257156
6479268
5620014
5903469
5489987
5976550
5624964
5395193
5522184
5360431
5241406
5564417
5327738
4159380
3858981
5653921
6619826
5299187
5500269
5463594
5615087
5644719
3744186
3527443
3505168
4746338
4926045
5530599
5111760
5675860
6221733
6192347
6551269
5727812
5502519
5419269
5519934
5432184
4161787
5941495
4080720
6129235
5591552
4574077
6282910
5565632
5472482
4882980
6464238
5652325
3924501
6586774
5142654
5463189
5621544
4750320
6111258
5581224
5407006
6243827
4559497
4097841
5538541
3934514
3997762
4371037
3682491
4979349
5978125
5822694
5649939
5291581
5508099
5473718
5157886
5858065
5809419
5483529
3748866
6258340
5343128
5887360
4944316
5168708
5775490
5189521
4852943
4488217
5906035
5337706
5623704
5230741
5139751
3821969
6267588
5566711
5056321
5213506
5236613
5330349
6364315
5252094
4933336
5179779
3880784
5218478
6303701
6480393
5364864
3986399
5077763
5567904
5525626
5248898
6309887
5605366
5945972
5795087
3907829
5282446
5484497
3769521
5134216
5409594
6212620
5645305
5335682
5438034
5641052
6401036
5781114
5141326
5257561
5265594
3853626
3743646
5352151
5663484
5700631
5256481
5403046
6023890
6340667
5773217
6304803
5582056
4933538
5300176
5982084
5600169
5839547
6148742
4682168
5178878
5161463
5540094
5009251
6948867
5593959
5304721
4962226
4996583
5442602
6294700
6251771
5191726
5486836
4308892
5516154
5031818
5534739
5252723
3613169
3788602
4046451
5446021
5353299
5129806
5248291
5402169
5183693
5369026
5467238
6295353
5610114
5372266
4897673
5637069
5305441
5641839
5786176
6306491
4183679
5356853
5612545
4563435
3893542
3778723
3523348
5504229
5135364
6057775
5598347
5742391
5710397
3750688
3795644
6314478
5687537
4892993
6119245
5598482
4960403
4211534
5957020
5401854
5657566
3940453
3937146
5198116
5023178
3819876
5205136
5342094
5624042
3986714
4055294
5316601
6261152
5356921
3922521
3887826
6271502
3888659
5012490
5243431
5392336
5950630
5990500
6099648
3809819
4813725
5656960
5816777
5668187
5275223
5259834
5242306
6062185
5686817
6469413
5242284
6555723
5545089
5256729
5887810
5191254
5560456
5845712
5621161
4100474
5756702
6527868
4981170
4824052
6127413
3914871
3773976
3740406
3637311
3710121
4109654
5132326
5500831
5766624
5727204
5334106
5456799
5956187
5804852
5004031
5916340
6236065
6223757
5689045
5056546
5451624
5399942
4822861
5108363
5089351
6180917
5847377
5455314
5796460
5032403
6144490
5147581
5249506
5648499
5439361
5435176
6086282
3779489
3927067
3719188
4895423
5260756
5458577
5749817
5657162
3762681
5806179
5454301
5602329
5826834
6063760
5753665
3900156
5278216
3736762
3736513
5748940
5457181
4869593
5167673
3707218
5824562
5259271
3931117
5409144
4877738
5368936
5174131
4036372
6171670
5439811
5513859
6177272
5223248
5503194
5600259
5784759
6297692
5078708
5417041
6048303
6191988
3974541
4360485
3848834
3535520
3988941
5028983
6373315
5710195
6494366
5294282
5674015
3833939
5660492
5798552
5734900
5746082
6035343
6558558
5454166
6600138
5682024
6144558
3934356
6088735
6235412
5910332
5686457
5981702
6348205
5686030
5890240
4138364
5620082
6031337
5907384
3790356
6707711
4178325
6434853
6083740
5576274
6430646
5792950
5744664
6185125
6542674
6241961
5799339
4144641
3621021
5751527
6189490
6407921
5960417
5962847
5358699
3800144
4061594
6409203
5695547
3789681
3769904
5774545
6208795
6169623
5721062
6539051
5731997
6041417
5508009
5925970
5525311
6069970
5681957
7278199
5401921
5645484
5607279
5437673
5409436
6225062
3960344
3866677
5483709
5507829
3804036
3778746
6770193
4919723
5142360
4226047
5161733
5461929
4470578
5146951
5708799
5670887
5164884
5040863
5775669
5624470
4035719
5269013
6462933
5268721
4967648
5015438
5725585
5731614
5285799
5434186
3865798
3677091
3572668
5340361
5138918
3975554
5567005
4705546
5254276
3767203
3641158
5861709
4510469
4037744
5604962
6439825
5981612
6010142
3946394
6456048
5893772
5530959
5804537
5160113
6701839
5541849
5904617
5642762
5907587
5033393
5237964
5257134
5213371
5527989
5219379
6385105
5876042
4003387
3743083
3796521
3665143
3780366
5086381
3843861
5552537
5201919
4103759
3905174
5023381
6340780
5366596
5213236
5896405
6078408
5118669
5764914
5194494
5402236
3982214
6117715
5819320
5853767
5373099
5623771
4407577
3945314
5269171
3906884
5403451
3603133
4031669
3964326
5958167
4800721
5490054
5185448
5450522
5304654
5692870
5412677
5533726
5372199
5523377
5136421
4947421
4109474
5599921
5509089
4993366
4987516
3977557
4860637
4746608
4474403
5111333
5449104
5315049
3917437
4752255
5069955
4793993
7905905
7232479
8021196
7141557
6004562
4097459
3835604
5409413
5091646
5026058
4815210
5504746
5432994
5618462
5071103
5594521
6421645
5696176
6437193
4149502
5486904
5803119
5107486
6381167
5348619
5310796
5118286
5677592
5477139
5538857
5023134
5712850
5533996
5770585
4890226
6493938
5529542
4964363
5729162
6067607
5588627
5147311
5788540
6009130
5530442
5434074
5308839
6263718
5358091
6185777
7630505
3923017
7608095
7737537
5387319
5286383
9551176
10267959
7304277
6626530
6812359
6177498
4990305
4591740
4726268
4842436
4727753
5687447
6075325
6510499
5588964
5517121
5179936
5413554
5045566
5284763
7560755
4729125
5240281
5715662
5291829
5136803
5085279
5798867
5230359
4982655
5162588
5261701
4070909
5274661
9845678
9106913
6652834
4409490
9038827
7302342
6457578
5487782
5806202
5966312
5076165
5672169
5928467
5166143
4432417
6577954
3866316
3880716
5461029
4183927
5460692
4982588
6400946
5193548
5487961
6308470
6465273
5670819
4850513
5639926
5437539
5880654
5826654
6550008
5567949
5102356
4050749
3709041
5239786
3990697
4432688
5582664
4200442
3677811
5441116
5108994
5601497
5457676
6039437
5086066
5693184
3807591
3595371
5367632
5584914
5070069
5130683
5712512
5189881
5414139
5343016
5405679
6531445
6277735
6565669
4921140
5514602
5215284
5195124
5187136
5293899
5897755
4011554
5256684
5297633
5459499
3671061
3787206
5635404
3926167
5474731
5051168
5721039
5345312
5784220
5122381
3736626
3674166
4544603
5421294
5462536
5638576
6355968
5791667
5537574
5696672
5620396
6862759
3877319
3757528
3647481
5588064
6470358
5591664
5173254
4789020
5473337
5910962
5392764
5587726
5375304
5977022
5668322
4642388
5196676
3973371
5603117
6370300
5426154
4779436
4007706
3573501
4516883
3670588
3488653
5381132
6043307
5049571
5043046
5497974
4993366
5176943
5654777
5771710
5661121
6325570
5276011
5790047
6163705
5275224
4848263
5753281
3819877
3518555
3640078
4969493
5998353
6160195
5393146
5212651
5347403
5397219
5167403
5575779
3875901
5652391
3846989
3728278
5580279
6099377
5198724
3864674
3876734
3804059
6308403
5407884
6118278
5852597
6413793
5828162
5767435
3719009
5638532
5582236
5964197
5636979
5645372
5719825
7146394
5294034
5365291
5877054
5439564
5372266
5435761
5240461
5158404
5237671
3996434
4750590
4797255
5106068
6070893
3804261
5698877
3879861
5702657
5239831
5366529
5314666
5543311
5005539
5268833
6156595
5848255
6282280
4039927
6879184
5687424
5303349
3843681
6351130
5527606
6800073
4742760
6093618
5358497
5125958
6588640
4532858
5847579
5204438
3682919
3609614
4652940
4317667
6028300
3907086
3794969
4648103
5664520
3935212
3727154
5660582
5270792
4982543
5190196
5325669
3745424
5442917
5412518
5842899
3682379
4573695
6168835
4044921
5414701
5606761
5339394
5211594
5526549
5486994
5166369
3826289
5932990
5165446
4690538
3619761
5569142
3707691
4846418
4717673
3921059
5747972
3720449
3642846
4502595
5231709
5718969
5339483
5473179
5070496
4888133
4848285
5123551
7343337
5936478
5186079
5641840
4897763
5396522
5827015
5681665
5953375
4163137
5238774
5271781
5383291
5699710
5302539
5515187
3824062
7089604
5304293
5879260
3939666
5226016
5914742
6545575
5455944
5467442
5459769
5578727
5213259
5049774
5728172
5863037
5753281
5112391
6696416
5540342
5325804
5337841
5144071
5247369
5377689
5457361
5284314
5511091
5703826
5976932
5118983
5166278
4856610
5050650
3909876
3726951
3623091
3608939
3770331
5519304
4435523
3829619
3505640
5344029
3998684
5267866
5440217
5112413
5029568
4911623
3672366
3758519
3584368
3875609
4979709
4963193
4039769
6328113
5388016
3772581
5326816
5269576
5315453
6107207
3742724
3834253
4012004
3938069
5213214
5211008
5329966
5428719
5392426
5079879
4914570
4804636
6705304
5136489
3823049
3905039
5505399
4904176
5145398
5150619
5646339
5022008
5547632
4831478
5391212
4961551
6241037
5719284
6323342
5496152
6398718
5870552
5409459
5314621
4868086
5212359
5564102
4861606
5316601
6788913
6827794
7793158
5990005
5583159
5713096
5793805
4670108
5242576
5957695
5733819
3652318
4915403
5800442
5517437
5396881
4514947
5625144
3796094
3871019
5261048
6008905
5882859
5135341
4255904
5511181
5620419
5315723
4862933
3997537
3758406
5676714
5220346
5066401
5538046
5439182
3712371
3698106
5825552
6614696
7309227
6151510
5774207
5383449
5075198
5952407
5258979
5631534
5502001
5669470
5862003
5140133
5460938
5159056
5022773
6060115
5233171
5924507
6782794
5686277
6843814
5984155
7156587
5872802
6495670
5237829
6396581
7103960
6495491
6299493
6481811
6209515
5832414
5384169
5768357
5936837
5406601
5284539
6714574
5520406
5429957
5529204
6295241
5252724
5175593
4881698
4144372
4970393
5378341
5510686
5538407
5102963
4986503
5225318
4908923
4018124
4955925
5131898
5253511
5003131
5120559
5612657
5967662
5195956
5031728
5820152
5633244
5240056
3979446
3450223
4122479
5364166
4848668
4517985
3872076
5504904
5368824
5607751
4963035
5623052
5823189
5713344
5692127
6378310
6132205
6141003
5966807
5842112
5715527
5882995
5602531
5773352
5190421
5507852
5620509
5307961
5472279
5491449
5050786
5755352
5542614
3914827
3744906
6067585
5287013
5274031
5185269
5707201
5586512
5290906
5562775
5781699
5612004
5315589
6327505
5782599
3772716
3759689
3768756
5714694
5500764
5594544
5644337
5611982
5165176
5828162
5838062
5213529
5371951
4681830
4344577
6072355
5367766
5478421
5563269
5103593
5256593
5951080
5213393
4992015
5576725
5267506
5060911
5460466
5978800
5373121
5118736
5410922
6023440
4735493
5546732
5626359
5074950
5505466
5175908
5242936
5211211
3624801
3712213
6330610
5039199
4016099
5197194
3667686
5344794
4844101
5917060
5799384
5897912
5744867
5223159
5810319
5113561
5557960
5175256
5216791
5180251
5769797
6206050
5080194
3845616
3691536
5039535
4939141
5250991
3821023
3607476
5511182
5191996
5234926
3931296
3681366
3621269
3557638
3679296
5902209
4946993
5720454
5353569
5354739
5536607
5709700
5312304
6002852
3848271
5171993
5031638
3848676
3824579
5137973
5164501
6399415
3826874
3818121
4800316
3787904
6232196
5462177
6517406
5452209
5155704
3848789
5272366
5147018
6506493
5555912
5023853
5395644
5820624
6368928
5252318
5690799
5394272
5422756
5464134
5574924
5104876
5413014
5555057
5608629
5466002
4836405
5006753
5119366
5564529
5497187
5489784
7239342
7330062
5000116
5423723
5496647
3886567
4858905
4939028
3727784
3637784
5687965
5471042
3673626
5716224
5491134
5443952
5010286
5552064
5443187
5754249
5076121
3924591
3556333
3657358
3573928
3836661
3729538
4325159
5433759
3854572
5485284
5545787
3562498
3587181
3663163
3465523
3428375
3600928
5107396
5842225
5264649
6098928
7453767
4907730
3973911
3757619
6030033
5110253
3696149
5048356
4967805
5397871
5715256
4817730
4836991
5099251
4792508
5338718
5393371
5210964
4713691
3845324
5268721
4703746
5243498
5484204
5767749
3777778
5793512
6045873
5540747
5431509
5098981
5167741
6375678
6306198
4707345
5133699
7082607
5891049
5208106
5008531
6719591
6264258
5646587
4881248
3976701
4971878
6180467
5011568
4925416
5321236
5294506
5461929
3733476
5285416
5050966
5311943
6431973
5691429
5477274
6726566
5880970
6168137
5579807
6000985
5781542
6093617
5557015
7632440
5310706
5700992
5544076
5772992
5178428
5611059
5143081
4840816
6414085
5425434
5605749
5834192
3896332
3762749
6202203
4065261
5228694
5362141
5678717
6504018
5391571
5416029
5560772
5391999
5872937
3921554
3681591
4993433
4599998
3756269
3789051
4943843
5776030
5350824
5468904
5362973
4617682
3686991
5379669
3785946
5482202
4985378
4277617
5380119
6249565
5632525
9734281
5606402
9678571
6465295
4954396
5720072
6721639
6749224
5624987
6237685
5945095
5552604
5380568
3776046
3827774
3859724
3686451
5286969
5052811
3482038
3638684
3771411
5293493
4959053
3860624
5178766
3768329
5300581
5750267
5031121
5443299
6490158
5689291
5355954
5799227
5769774
6023395
5710757
5568039
5718541
7358907
5719892
3819876
5193841
5254591
5281861
5246356
5800735
5440306
6325233
4900891
5566060
6248237
4459417
5485801
5359689
5619001
3994274
5639184
3563263
3514528
5362411
3877318
4788953
5612387
5547564
3672186
5492776
5334399
5627822
5551794
5454121
5098373
3844604
4642590
4975388
5501011
5622602
5153971
5476284
5314014
4954171
5165491
5562347
5597986
5110343
8306339
6969679
5821052
5748130
5289083
5442827
6213588
5792364
5437764
5197396
5294101
5343309
5695389
5073781
5989240
5167718
5165131
5649377
5139593
5195484
5804649
5622917
3611706
5195438
4794353
5155951
5503779
5147333
4101509
3641878
5240214
5466114
6449613
3859702
5401696
5679842
5381447
5458576
5192829
5016113
3866271
3743849
3738201
6148562
5327491
3845211
3732846
3728954
3612989
3834591
3644286
4224922
5613534
5634279
5277564
5424107
4863316
5307399
5397196
5164050
5978800
5454819
5241789
4973341
5054656
4931243
5238121
5731007
5766264
6158305
6009918
5659165
5716089
5232496
5350104
5344591
5760640
5876964
5494869
5143463
3890976
5295451
5962893
5672912
4885253
6003932
5174131
5137208
4401299
5166368
6283360
5713502
5595714
6607541
5337076
5016991
5227186
3810426
4184219
5775961
5387319
4489928
5933507
5564844
4564942
6028907
6926096
5660964
5982264
6177498
5673721
5713614
5528079
4905098
5131449
5205226
5000319
3963966
3796297
3717411
3737482
3729426
4915943
5869900
5298647
4843673
4931288
5150325
5287126
5139233
5201424
3825321
5549296
4033469
4167750
5087843
6202990
5132573
5976100
5142834
3791031
5695096
5393978
5418414
5082330
5082151
5894852
5399918
5030625
5323959
5509719
5712422
5596772
5361038
3788354
3548594
5637991
4852673
5088991
5164276
4619910
5642965
3653803
5266831
6737771
5242463
5061248
5340586
3889559
5043631
5467082
5260778
4757903
6264865
3719324
5793715
5272861
3886881
3745356
3754109
5138153
5752157
6045242
5771080
6170568
5594500
5887270
7161739
6829977
6433841
3539391
5562729
3790536
5688256
4550970
5625752
5655519
5861192
5726260
6022854
5094751
5780485
5036656
6425696
8578611
5191771
6431433
5231191
3856169
5509809
3939058
5054026
5863623
5721691
5594319
5223428
5727834
5438259
6086035
5299749
5790092
5625099
5658647
5451107
6107725
5798057
5184323
5458509
5316376
4998450
5130998
5344681
3741981
3963584
5812322
5405588
5057806
5769617
4075746
3889559
5927725
4864328
5112773
5349834
3840329
4763438
4237972
5456057
3736154
4761413
3847574
3702719
4976783
5791509
5553122
5499841
5192424
5611554
5192333
5238683
5169586
3913949
5690191
5244781
3813621
3609861
3711921
5415736
5607729
4051289
5521757
5622625
3920182
5138895
5329472
4011599
3748191
3639966
5089329
6086687
5448542
5126048
5463099
6246122
5385091
3882652
4022826
3673468
3474884
3429186
4780313
5517774
3787117
5190826
5466362
5519911
5858402
5698449
4501807
5202391
5393911
5351274
5424017
4969853
3643183
3582389
3830114
5561807
5869494
5520744
5042416
5652842
5618237
5489874
5455066
5312146
5503194
5227344
3976319
4915448
6332185
6530613
6160578
5326479
5249596
5405814
5572944
5998713
5389569
6170252
5583070
5263726
5915035
5940347
5821547
6438723
6065380
3943874
3616791
3577236
3544633
6172750
6264303
5305329
3965902
5743202
6147325
5471041
4923435
5295316
6033543
5263592
5070811
5773825
4062674
3660508
4906650
6160825
5701217
4850513
6276363
5378881
5137974
3915254
5644944
5700677
5785997
5908352
5557689
5172511
4854991
5845712
5889295
5689045
5481166
5173456
5609282
5297499
5328752
4901970
5946760
5343894
5037174
5139548
5254299
5642919
5368508
5502294
4349392
5402056
5476419
5638892
3932602
5570559
5556114
5296891
5633560
3971594
5258641
5533119
5406894
5995180
5192469
6122620
6641404
6808624
5697144
5420282
5915350
5981703
4197135
5377418
5379984
5407636
5348462
5627664
5434479
5461029
5313766
4032232
3664626
3923399
5266561
5350982
5793445
4206135
5120964
5673677
3930059
5676467
5055241
4818248
5083299
3862604
3855696
5586511
5634617
5577197
4941885
4259392
3972382
5982805
5034226
5342723
5245298
5324656
5794772
5239876
5087461
5407749
5503059
5439406
5143306
4364264
3867936
5455561
5776390
5519416
5620217
5189948
6167778
5041223
5880789
5700789
5717012
5299299
5044126
5784265
5085819
3781311
6352931
4543118
4677848
5074028
6201527
5187991
5484473
5428967
3879052
4978380
4003679
5252881
4965263
3802101
3605968
3982034
4759297
3632856
5116711
4829611
3604664
5058998
4470443
3790266
3770331
5125351
5365247
5210019
5468589
5124856
3825232
5101704
3571318
3730078
3708546
3623293
3730754
5498289
3952469
5318153
5641772
3769724
4992105
3846696
5405432
4993006
5710711
5388736
5007180
5886752
5320224
5411349
5648769
5439474
5420933
5196451
5204146
6147235
5529789
5211863
3683526
3785069
5448564
5698832
3820619
5462357
4834313
5483619
5539037
6082052
4065689
3889829
3836706
5116644
4995211
5416074
3776587
5210649
5441094
3835851
4897988
5333432
5128838
5536584
4645538
3602908
5065590
5193526
5004346
5806922
5270679
5404081
5152059
5186191
4958131
5546102
5252453
5255828
3719369
3746976
3740181
6160600
5573530
5609192
5388669
3911137
5734967
5180250
5173996
4979618
5186101
4956060
5379916
3810539
5721737
5680134
5804019
5304226
6041845
5145579
4958693
5024371
5614974
3812586
3665661
5162836
5480784
4907101
5302044
5513499
5892265
5459634
5167178
5364549
3978682
4999171
4978560
5069799
7840767
5125913
5933484
5629306
5253444
3784191
5271804
5046195
5677772
5341509
5188936
4433070
5722862
5464899
5343287
5741154
3802349
4703453
5783769
3726388
5246559
5132619
5098755
5078303
5180814
4984501
5301233
5168641
5043293
3925154
5779607
4291320
4953810
4888020
5252904
5485014
6211630
5268901
5467824
5359418
5988925
5233823
4976986
5194606
5190218
5843327
5582192
3912554
3825299
3697386
3814184
5860877
5277721
4074239
3822149
5146839
5668501
5544257
5363379
5306364
5327064
6271481
5737420
5772407
6141768
5898025
6025397
6353290
6347733
6686313
5272073
4578983
4106414
5931730
5927364
6246685
6152432
6445608
5149786
5764104
5847557
6005732
4002374
5865512
5602486
5667287
5971532
5474327
6678731
5221696
5430879
5151338
4863450
5213889
5308502
5984672
3889739
4199407
5960102
5431283
5953420
5902592
6101875
5253488
7125537
5978395
7319824
6516731
4356907
6640099
6788239
5705199
5429619
6004202
5791015
6327257
6844196
6004922
5816305
5727046
7856135
6029852
5698112
5670437
5565294
5770877
5101141
4865791
5547384
6082503
5689967
5953442
5100691
5531544
5589504
5510956
6086980
5757152
6112113
5289983
6461066
5846410
5607775
6349668
5882748
5105820
6136390
5945635
5541556
5237243
4704578
4288867
4893083
3861434
5391414
5232586
5126296
6452133
5083455
5982264
5437853
5130818
5252634
5050336
5933934
5360657
3648516
3654434
3594426
5872217
3882472
5135296
6548974
7173889
6569628
5942282
8489894
5178811
6941734
6225536
9445200
8780055
7060466
6460593
7398755
5205789
4659353
7009077
6318392
7967623
7200776
7478337
5546664
6489573
9364425
7052546
4069492
5964108
5431959
7207954
6745893
9948796
6622346
8601652
7724870
7110146
8769840
7996085
6052577
5834867
7626658
4899293
5703422
8572334
6035230
4953338
6517271
6197028
6750889
5925632
5997340
6477986
5724414
3850971
3688881
4580737
4995345
5836307
6233410
4041636
3542113
8232111
6243940
3984644
5259676
5354919
5883625
3891899
6718669
5367699
6680846
5639252
6165461
3849037
5910490
5716944
7362462
6959374
5331653
5550804
4039072
6147302
8239626
9371175
4769131
7439142
5805054
5765229
6148090
5922999
5547272
5366619
6022293
6185845
5454572
5835610
5346999
5341194
5459948
4439415
4080922
4098157
6652699
4666013
4423282
3730303
5353974
3921981
5289511
5584711
5572854
5215778
5374268
5443658
5012289
5675882
5307601
5651514
6037930
5249709
5016541
3731856
7160660
5234746
5336311
5155659
4916843
7977028
6080882
5071193
6450333
5489492
5450859
3858914
4716727
5161846
5470209
5115180
6024992
3905534
5495251
4064542
5217421
6224568
5498919
5396431
5611081
5233598
5948605
5933597
6800636
5604309
4259302
5518539
5377802
6597191
5158651
5493204
6195318
6024295
6526789
5655992
5753259
5669784
5137501
5471154
6808647
5441994
5242891
5431171
6222295
5615176
6042880
6178173
5300806
6169578
4108237
5409976
3902069
6596133
5673114
5512824
4577340
4403820
5152126
4779076
5353749
6052150
4415678
5036476
3694146
5231889
5565722
5135836
5506434
5829602
5301796
5100151
6343412
4662255
5110029
5634526
6116118
5178339
4959053
5370264
4994850
5014336
5925745
5373931
3847349
5378408
5016923
5164748
4799100
3837043
3575233
5657881
4241572
3714553
6117152
6249993
5511204
5497187
5260351
4580738
3682401
3677878
5197261
4210971
3769161
5812817
4087829
3708007
3771996
5609371
5988790
5827712
5008891
5943204
5022571
5848638
5620622
3689263
5900545
5227434
5157436
5480064
5436526
5543626
4946656
5707990
5363987
3811326
4988844
5268586
5100399
3811483
3715723
5223833
3945089
4074464
4272554
4743931
4172002
4810306
4833076
4840388
3751454
5802264
5565137
5662945
3757528
7972371
8420211
6170162
6121383
5554404
5524771
5549701
5282626
5532827
5054431
3845031
4618740
5981522
5043383
5631736
3837179
3475559
5882274
4213537
3913611
4367325
4892565
3692661
5931662
5321911
5552919
4687410
5574857
5268519
5444649
5127758
5220391
5091173
4908113
4857600
5142091
5644449
5110636
5844767
5386284
5430159
5834507
3863346
5512014
3835199
4947106
5164388
5197418
5317524
3797489
5303619
5572561
5497254
5099454
5880250
3878692
3639628
5064061
5562616
5195483
5496376
4996898
5321438
4739453
5241429
4870448
5501979
5939312
5121481
5455067
5643100
5387971
3856866
5765927
5732559
6717206
3699996
3902766
5400886
5246806
4981418
5417897
6140305
5344951
5152868
5917622
4285357
5337797
4009709
5796640
5086471
5630364
5582461
5724302
4236510
5331451
5339349
5236322
4030971
6587336
5129783
6564836
5611060
6001278
5551749
4335329
5618912
3997559
5683690
4078559
5233846
5019623
6291325
5235736
5440509
4994626
5068628
5258777
5052653
5235106
4981801
5244264
3799019
5446719
5252229
5487781
5438439
5774724
3969614
3746076
4516297
5226601
3657629
5452367
3745469
4791720
5411484
3727199
6591858
5001174
3942186
3616678
5463954
4027349
5294574
3889874
5234138
5569772
5691677
3890841
5819387
5559984
3959579
3727874
4814378
3709536
5448294
5181219
5356359
7235922
6266710
5737532
4919070
5418481
5033911
4957276
4926698
5150866
4953788
5103413
5635111
4841333
5736227
5176156
4851930
5052879
4980653
5430542
5316331
5729387
6440388
5532894
5538632
5977720
5155906
6110065
5496556
5312371
5458442
5064848
4740262
5885762
7462385
7863606
5752921
5512081
5227704
5146163
5623794
5367429
5308703
5157076
5802130
5032133
5746734
5343241
5873342
5001151
5534019
5235152
5613489
5289241
5313136
5346481
5592632
6094090
6351288
5848502
5648769
5928580
5712039
5266651
5325691
5495724
5184796
6088105
10010738
9692476
6787631
6220878
5628812
5108071
5982602
6003955
4102094
3787882
5593216
5716112
5646744
5684747
5465753
5696356
5494914
5803074
6321701
6069722
6119313
5810230
5554494
5934497
6767831
7150376
6319945
5940549
3983092
6864716
10055852
8303098
8555077
5114101
5693837
5567701
6720379
3676214
5706752
6565758
5285034
5484361
5330169
4978448
6463968
6978769
6002178
5155995
5485847
5400887
5374561
5267461
5582461
5679932
5361871
5372761
5299704
5506771
5661954
5059718
3701638
4613925
5585814
4864305
6023282
5221741
5403519
5420507
5568017
5372874
4049871
5676377
6013090
4753516
5341733
5447731
5779630
5269576
3864539
5575014
5307263
4258447
3737504
5629014
4980518
5634076
5488727
6256922
4788593
4696275
4917766
5708552
4006244
5085886
5579559
5520271
5218613
7847135
5466654
5809734
6382451
5825845
4957883
4161427
6489213
5514287
6375363
4726808
5337931
5309986
5589414
6892212
5327266
5300199
5251486
8386304
5704547
6497629
5276844
5440217
5334713
6831596
6493241
5938772
3835222
5608584
5849537
6173560
5287756
5710352
4042784
4148601
6030415
5495162
5224126
5578569
6440883
5746959
5069371
4138837
5677322
4394753
5388038
5387679
6263402
4064924
4979550
7584065
6096273
4996966
3742139
5842382
5650637
6273730
6690814
5554719
5330978
5202346
4795275
3992541
4148174
5716427
6054378
6599171
5322114
5383966
5689089
6838054
5318784
5716539
6117918
5691654
4958761
5891252
5593126
5380614
4964993
3992024
5555934
5255536
5550287
5932563
5218479
5478174
5818397
6528363
5748984
5945387
5868527
5033865
5133496
5695862
5894132
5608831
5924305
5529609
5920727
5719690
5341216
5435492
6341342
5356403
4927553
5883714
5753844
5861620
6148382
5748062
4826573
3960412
6095350
6188883
4684395
3741081
5977068
5680404
5483709
6219415
7016884
3997402
5518854
3694439
5375529
6135805
5854329
6279108
3831104
5251576
3723801
6077822
5382368
5949572
6450288
5831177
7097254
3987704
5370218
5361556
6423603
3997851
4046924
3867599
3570059
5294934
5413464
5886122
6167733
6750416
6445383
5845982
5398929
5888957
5725921
5750335
5855072
5780327
5773217
5974345
6150228
3927291
3703078
3674773
3587856
3659766
3506676
3634970
5360701
3830969
3725196
5035936
6156100
5219874
5221314
4064542
6085698
5362906
5689157
6888927
6380650
6319315
6198378
5246783
5601609
5447979
6165505
5798327
5891814
6218830
5570312
5078708
4168785
6370053
6419171
3873021
6039325
5871160
5237401
3867846
6033408
4301602
3850792
5885627
5618372
5478601
3795554
6329598
5636304
7370922
5995405
6407403
5773870
5464516
5104966
6031764
6286105
5939515
3853537
3634138
3642306
3678576
6700511
3772896
5608404
6075640
6128313
5861507
5091533
5472729
6704808
3618929
5446494
5683914
5487624
5171904
6061803
4597118
3486493
6462663
5635044
5363401
5249844
5425839
4185997
5113425
4705342
6478480
5514264
5389952
6978499
6401125
6068373
3939959
4999396
5762800
5519237
3925828
6532683
4064227
6111077
6606753
5858740
3768711
5341373
5161734
5633582
6290335
5601519
6028997
6031360
4386990
5554404
5918432
3847439
3751589
5688864
5338133
5773127
5772722
5557509
5188734
5703646
6186902
5473314
5798147
3500016
6437238
5963230
5748309
5516987
6781421
3909269
4323720
5292729
5563944
9565441
8892127
9702376
5508751
6082998
5384912
6559998
5929390
5786605
5667220
5338448
10264359
5540454
5648859
6057257
5829895
6468805
6757526
6524853
3898694
6041688
5692149
6625496
6691916
5426289
5189454
5931865
5835745
6266012
7239365
6899119
5559512
6926006
5373099
6130495
6187038
5268676
5776277
6006227
3798951
6300730
5530194
6172638
5679459
4014614
3786688
5502924
4866195
3862536
3744951
7177084
6980141
3870118
5175818
9279915
4450913
5121076
2611242
8989598
8093331
7547907
5869315
6585221
9250080
7919023
8905964
4970146
5311224
5701734
5312799
7733510
5565451
6453213
3037055
5702612
9893739
9252532
8360473
6736781
5731254
5768627
3812563
6437350
5014380
4688153
5373549
5108566
4071966
3754153
3736424
3615283
4309635
5701284
5377531
5520587
5214991
3927584
5823752
6195812
4830465
8229208
8005806
8553817
8718404
9477105
8931547
6014080
5136871
4055114
3708816
6039797
7572365
5867289
5295451
5775490
5301638
8104131
7794440
8972272
9988037
6171400
6510003
5948830
5214518
5663282
5290501
5217623
6365868
5306634
5306094
5502362
5665194
4968324
3837629
4027552
3551811
5391909
4031489
4986886
6212035
5132281
3860331
3510501
5330056
3768036
6704966
5427797
5954590
4949333
5699642
5585454
3929767
4476247
5473269
5701015
5921424
5078168
5533141
5701464
5616842
5401922
5903087
5298714
5289826
5685985
5438169
5906282
3915164
5181601
5253264
5974052
5623006
5631174
3766618
3563871
5531791
6289390
5238436
5068358
6740043
5232744
5723874
6929291
6090962
5645507
5438844
6014845
6341118
8891092
6478256
6348048
5465664
4402267
3924412
5335051
5619182
4006042
5537439
5290523
5214924
5115181
5225971
5368959
5278508
3812856
6168475
5540251
5111289
5045836
5543649
5750357
5265773
5341891
5480357
5553167
4905885
6256787
6071117
6217952
6190682
5382323
5222168
3797443
5103526
3921711
4045214
5998712
5473607
6264325
5520496
5018566
5753642
5793782
5263839
5190781
5397219
5277339
3706409
5508729
5269284
5513296
3863976
4088504
6175720
6030504
5566351
5462986
5327873
5589774
3965541
4320142
4962023
5044148
4884848
5208466
5390649
5062891
5397668
5509832
4956308
3970604
5038816
5691676
5488187
5132844
6067855
3778746
5123663
5759132
5498154
6981289
5604917
4983240
5561987
3831329
5520969
7944606
5687717
5544482
4905976
5042169
3937259
4755113
5307669
5591326
3862131
5508414
5295946
5666477
3742364
4000506
3763761
3940409
6216242
3909157
7001944
6556938
5010758
6110245
6259465
5813672
5819904
6452538
5982265
6003910
5200074
5489694
5195641
5150011
5722254
5901174
5771394
5009115
5566104
5965480
3850769
3774607
4856273
5360701
4914346
6288513
5453379
5365426
5844834
5290568
4026674
5211571
5705717
5738545
4023816
5403406
3942636
4666958
6012212
5167853
5440149
4769738
5560389
5826407
5739377
5652797
5878877
4088977
3724498
3681411
5118849
4536503
3747853
4795883
4361992
3913679
3747381
3573906
5037331
3688274
5050268
5487466
5856332
5236681
5196023
5636642
4014029
6003190
5906012
6341366
3866046
3714643
5218546
5285731
6597505
5926374
6153535
5443906
5369499
5789890
5416074
6041755
5479434
5815809
5628946
5788494
4907326
5198161
5399289
4387934
5480177
5402799
3792944
5118623
6078520
6839943
6529961
5818465
3832183
3487416
5055556
5589504
5444559
4969066
5152216
5789911
5383133
6692231
5559940
5599966
5448834
4922535
5238931
4784902
5000701
5245208
5496489
5736587
5412676
4961213
5121278
5136578
5184571
5265616
5276956
5632930
5346459
5013234
5295429
5554404
5700879
5548622
5146929
5226713
5260531
5460421
5059808
5094886
5689022
5169946
4917406
5258259
4882238
5101411
5177236
3908481
5820985
6054670
5721444
5295542
5813694
5336874
6477468
5217016
5255041
5782464
3743219
4880798
5686187
3987547
4862753
3954224
3702178
3668361
5688055
6273123
5287352
5188171
4175422
5310279
3973146
5258663
5416614
5439542
5031840
5016091
5467306
5536854
4914278
5853542
5918185
5413666
5477027
5621904
5560029
5073129
5872217
5369589
3737481
3813846
3602864
5477251
5160586
4792732
5965660
5785682
4844551
5049435
3792539
5380254
5934520
5809870
6675333
5337729
6151240
5050763
5125194
5513679
5004683
5289376
5889160
5811647
5658669
5617607
5882544
5391841
5307489
4964228
5542636
4218802
3627411
3409071
3748574
3741531
5885604
4889303
4774306
5619451
5145106
5321259
5116149
5370803
4825043
5165828
5241316
5108926
5669897
5043878
5053305
5195663
5205699
5414251
3855763
5422622
3835874
5123641
4321920
3547244
3940094
5911953
5264424
5217871
5542929
5278982
3848159
3648516
3591749
5068223
5524569
3787296
5244826
4911420
4432575
3510928
5388354
3707218
4868963
5729567
3532799
3565514
4226699
5749389
5966515
3776406
5339439
5354109
4796220
3666359
3553611
5175143
6703796
5730625
5315589
4951628
5218456
5169136
5112436
5409819
5262511
5075310
5361084
5150933
4784137
3557188
5029591
4186784
4998113
4890293
5338381
5771349
5504522
5536607
5078100
5308838
5230606
5489469
4567260
5290996
5595894
3899527
4970213
5436796
5724526
7163022
6360693
5828252
5021694
5470141
5511002
4796153
4731690
4870718
5106518
4902060
4941458
5352196
5046331
5517549
5238369
5525964
4660072
3552666
4964903
5815247
3866991
3745019
3609681
5612881
6373721
5312799
5347157
5263951
5447551
3801943
5043339
5141348
4788300
5134036
4967850
3791819
5144476
5293944
4888831
3819628
5340181
6071297
5483777
5296262
5473089
4398555
3636591
5198881
4952190
5289894
5221178
5314756
5809330
5391346
5204191
5887608
4869481
3710863
5938255
5097676
3798929
4980631
5455854
3876621
5404846
4786793
5914405
3793416
3825568
4161494
5290974
4506217
5186821
4869953
5108205
4632847
5656194
5323756
5320944
5043203
5049841
3732238
3598791
3798546
5015821
4884106
5143036
3772851
3801427
3792787
5900005
5410157
7017312
5710599
5588627
5288813
5334084
5250631
5507244
4998586
4961281
5529046
5511384
4955566
5616481
4025346
5264041
5277136
5658444
5534784
3898964
5665554
4212141
5226826
4982340
5388669
3742971
3811619
5074973
6159475
4326734
5771305
4924583
4827181
5119973
3722699
5419494
4998765
5442534
5172354
5345491
6163570
5687897
5580999
5602374
4850378
4867050
3870119
5729095
3898424
5168191
6125725
5601204
5232609
5254952
6240722
5478263
5399109
5030783
4495508
3797039
3785092
3939981
3876892
3811664
4882643
5553639
5575396
4207395
5076751
4807426
5029073
5156806
4952506
5137389
4887458
3680511
5973130
3831711
3618186
5418212
4955093
5298151
3749902
3675943
3712911
3548031
4204379
5353591
5092951
6029087
5734607
5425794
5232496
5624357
5431036
5498874
4970438
3681478
5111086
5035239
4176231
3575796
3530908
5199466
6035432
5370354
5334308
4873193
5209839
5181669
4789156
5224014
3937079
3780029
3708636
3573861
5281929
5045970
5255918
5825732
5316872
5241316
5453626
5218726
4935316
5265864
5560322
5786514
5244848
7116109
5207161
4960133
4937003
4983983
4851165
5147806
5372199
5184571
5423949
5612926
5585859
5451107
5011321
5588289
6312836
5600034
5891500
5799542
5700992
6078317
7266095
3960929
4781190
3829889
5846950
6039482
5431217
5188936
5289218
5720251
3567471
5091151
5331924
5308703
5836375
6026095
6016398
5150056
5346571
5335974
6560561
4201657
5563224
5825304
6348272
5668366
5387791
4498432
6271435
5544796
5306949
5742594
6135040
3880514
6002380
5349969
5706347
5446359
5583992
5496646
5096079
4860660
3933906
4929263
5257313
6513445
5849245
3737324
3715903
3797061
5391976
5294169
5178946
4407127
3928123
5099746
5479501
5144543
5343241
4294335
5901332
5572404
5228401
4976738
5375484
4204109
5416906
5523894
5313811
6179320
6246618
5538902
5735102
4960515
5072363
5606244
5355572
5880024
4852920
5111536
5238999
5670009
5839952
5940190
5589324
5616999
5300513
3730574
4885568
7883248
5586219
5007991
5499999
5638374
5058346
5176291
5557082
3693696
3430648
5140966
5060776
5592046
5478737
4247422
5596975
3749428
6092943
5514444
5693184
5708124
5464089
5827667
4854180
5268834
5050809
5434097
5507694
5416524
3923038
5320336
5111491
5309964
5709070
5279319
4291410
5394744
4844123
5032629
4867455
5161644
4499692
4854675
3803946
3537140
3500083
5083748
5086021
5254096
5937962
3626894
5707337
5634302
5210041
5129761
5301954
3769431
3574716
3656076
6468446
5864297
5296238
5387453
4667970
5599314
4975343
5044328
3638886
3617669
3935931
3750058
5421182
5119726
4878031
5704929
5091106
5143464
3677968
3470833
3585223
4937993
5332081
5527179
4250729
6399753
5740885
5672215
4450440
5677006
5001781
5984267
5790542
5430497
5301797
5650299
5376564
5320493
3791617
3479158
3480575
3602931
5745339
5077696
5000880
5441409
5563269
6026635
5023898
5070923
5124878
3663568
4861988
5727564
5134058
5337414
4865160
5050291
5592834
4883071
4946970
5371141
4810620
3681749
3902924
4850873
5424309
5153904
4043526
5880272
3926166
5114348
3732509
5372536
3876734
5240461
3601963
5299096
4739992
5218658
5612184
5070181
4937273
5839434
3935841
3856979
3698601
4781730
5044261
6317448
5467982
5173074
5161171
5267709
4885275
5522769
5229323
5822312
3761668
3671151
5132776
5142383
5949280
6090828
5708642
5788157
5329314
6068958
5156896
6077282
5536044
5367203
5460894
5073915
3845931
3429726
3751813
5334467
5025676
5167494
5732492
5431081
5957965
5364189
5276348
5488164
6563194
5299231
3957307
6130315
5875975
5034473
5237289
3789366
3702831
4750568
4082250
3588778
4789223
4976131
3797219
3698781
5791510
5356516
5363469
5537304
5156941
4977570
5225026
5565384
4953541
4233135
5669851
5442938
5209276
3940297
3570508
5357641
3681276
3403491
3760679
3661274
3598228
3495156
3616183
6038470
4758061
6144355
5690237
3886701
3525845
3575053
3487055
3554601
3637266
3613168
4508714
4963981
5817744
5047726
5606177
4924740
6003865
5271263
4641983
5527449
4815053
3652273
3615238
3745491
4907686
5112121
5697032
5589235
5088609
4927148
4834470
4666890
4175894
3571049
3696509
4404405
4884848
4679580
5996799
4891666
5044148
3531200
5211121
3836099
5984560
3642261
5004053
5131921
4662120
4712475
5424017
5381267
3542765
5371479
5939717
5088181
4985716
5789642
5509517
3496596
5049368
5055781
4836833
4688715
4780695
4967895
5159326
5024663
3538964
5408446
5266696
4405890
4971900
4758218
5266426
3840756
5133720
4938421
4742445
4849028
5684995
3828741
3911744
5168528
5008373
5979700
5359036
5162724
4999351
5066423
5402259
5064128
5363918
5042370
5670977
3638121
3527691
4910993
3654186
4839690
3602256
3733679
3736379
6165348
5056838
4928386
4999350
5397061
4915493
3611504
5614209
5285281
5192401
5327581
5116126
4864440
4105806
4939050
4833908
5294641
5078866
5926667
4668712
4852291
5094120
5419899
4629450
4090327
5269081
3878759
4159896
3737323
5398299
5181398
5459994
4022444
3642666
3683278
3711697
5242824
5354063
5168191
4958806
4858366
4934034
4742063
4667048
4904018
5347112
3958499
5025383
5260644
5027364
5396342
5000251
5338404
5409233
4648328
5274459
5370309
4820048
5430204
6373878
5618372
4793363
5623344
5075918
5261926
5653854
4032502
3810292
5974817
4236892
5200501
6838863
5276753
5150821
3824489
3781019
3647863
3728976
3708456
3550123
3547986
3598453
3579846
5765161
3890572
5061541
4961978
5393101
5540746
4949469
5511744
3639538
4925393
5260869
5055443
5481932
5264671
5255244
5190894
5724526
5240214
4990711
4336320
5312371
4712272
4947646
3713361
3518736
3566593
3788624
4721767
6824373
5002501
5037669
3959872
4261890
5225746
3851196
3455151
3621179
3548346
3451775
3617398
5271017
5552807
4940581
4831973
3713293
3818864
5367654
5468499
4984884
4951403
4830083
4377697
5263704
5152261
4384267
5429619
5027386
3850702
5276889
5221898
5207566
5059156
5017958
5486004
5280264
5097158
3815039
5263141
5275493
5189948
6024317
5366799
4992533
5155208
5181286
5683239
6173245
5826385
5315049
5335119
5141371
5576342
3859904
3623856
5243206
4024874
5787009
4889820
5619092
3886003
5498807
5056973
3708253
3920204
4208970
5742797
4848645
5994977
5041583
5232901
4386472
3893587
5376249
5151788
5641479
5215351
5319526
4854608
3736536
5257561
5021175
4885951
3798974
3695743
4359382
3671129
3466445
3502738
3611683
3490836
5441656
5135093
4976154
4815435
5190443
4838295
4992983
5310279
5299523
4818945
5663979
5732154
5440486
5477049
6091187
5501732
5870237
5144746
3777059
5303619
5644674
5584667
5849425
5106968
5124990
5272344
5411101
4062382
5660941
6135445
5214271
5999702
5539374
5627597
5353006
5022818
4831636
3554421
4193872
5187496
3836662
5399761
5363762
3677519
4064856
3525620
5110074
5319144
5269778
4880483
5103009
5060258
5527876
5431352
5392606
4342665
3821091
4443397
5889204
6209403
5404577
5641097
6218133
5363199
7856495
5429619
5341374
5404486
5167583
4976063
4682910
4065734
4955498
5090881
5157413
5631309
5809936
5615086
5956502
5862002
5488996
5087146
5117566
5064173
4495260
5389298
4831140
5888912
5175278
5299119
5517122
3758452
3789164
3696981
3662915
5607639
3758609
5399987
5485126
4967198
4894725
4928453
4920780
5064038
5275313
4872473
4910025
5608156
3699389
5203201
3696756
3658348
5017644
4078424
3505056
4940243
5357551
4814378
4716255
3861613
5657567
5068021
5045543
5269531
4692473
4966096
5152418
3887737
5998847
5346661
4951268
4418849
5216859
3658484
4972756
4040624
4645762
5407006
3654838
3821901
5010016
4990801
5360071
4864013
5746554
4886198
5118848
5125778
4157354
5699799
4850941
5796212
5823797
5040796
4602067
3963336
4049286
5056591
3544228
4091452
3797242
5554652
5144386
5148976
4901925
5551052
5199421
5017891
4975973
4926946
4772393
5639881
5149043
4873283
4985490
3714914
5062283
4902060
5093064
4425172
3793686
5979655
4669905
5043113
5236478
5035440
4003926
4703047
4061504
3547761
4027147
3848271
4586790
3709446
4286347
5369363
5069618
5042033
4240514
4750366
4726245
5463707
5091803
5075243
5171476
5284133
5014853
5122178
5398074
5303753
5529272
5142203
5057378
3665346
3720156
3462396
3740878
3423358
3734601
4851953
4945283
3741891
5609439
5249709
5422261
5402934
4902061
5768582
5444829
4038306
3717546
3594628
4883138
4960875
4261305
5204034
6338845
5304586
5605569
3862401
3754018
5312776
4676048
5332824
4829813
5438619
5877415
5803434
5391099
4146735
4899810
3575278
5194584
4990058
3737053
5579762
3443991
3643251
4739003
6264888
6220495
5188598
3893316
4958086
5317367
4994919
5950922
5936589
5464246
4084521
5421833
5368306
5553459
5597425
6167867
5585995
5263546
5280489
6014733
5829669
5354648
6235683
4737225
5389028
5180049
5801094
3941061
5407749
5374336
3713946
5078078
5535166
5311876
5519079
5995675
5987732
4999800
6005823
6103382
5224959
4226767
4789741
5305779
5157705
5652167
5271916
5475519
5079360
5492394
5392404
4834088
6461605
3830451
5635202
4289880
5384956
4811745
5690979
5799474
5524097
5276033
5365337
5316286
4826978
5175616
4841086
3655198
4249110
6087655
5066940
5035846
5477746
5591169
5408042
5459094
5089395
4926564
4936823
5301504
4026112
5662314
5400031
4087357
5802332
5119636
4881360
5346257
5264468
5201581
3619648
5052788
3764616
3642193
3668653
3680444
5673970
4909035
4771426
5843957
7033444
4634917
5129176
3656796
6384813
4165927
4873755
3799132
8707897
5049908
5028128
6385803
6220158
4942583
4022039
3686136
5706121
5060979
4894973
6295803
5856850
5196586
5166841
5278577
4299915
3611728
4999148
5741379
6226435
4224674
5089823
4533600
6739099
5527134
5029005
5311066
5410697
3766933
3478078
3912846
3791413
3656548
3491398
6138348
5448721
5393033
5355728
5396206
5272951
3745987
3600186
3512886
6066640
5546484
5206328
5710915
4109024
5520902
5194853
5421316
5240596
5173929
5838760
4309927
3746841
3750374
5482584
5391999
4870628
4825403
5532489
5167201
5498941
3888614
4840456
4733760
5110748
3767136
3531179
4835843
4674810
5236141
5592789
4911106
5410269
5058549
4655348
4948928
4782023
4659218
5138829
5118354
5256863
5074658
5071868
3817221
3834951
3787408
3586304
5483574
3729021
3680511
3773594
5318333
5368802
5159911
4083419
3630988
5287801
5989442
5779202
6008815
5322338
4884533
4858456
3831441
3555006
3652183
3880491
4902758
5370332
4506172
5105529
4887166
4987516
4922490
5249371
5770629
5050178
5338066
6619735
3670364
5097991
5245321
3588373
5293359
5092163
3632609
3706814
3717524
4604295
4672740
6150317
5150326
5546777
3692234
3596023
3711607
5472324
4102297
3732148
3701594
5339844
5215531
5542186
5630072
3655851
3621403
5469984
5425907
6177880
4901453
5693116
5314757
5342521
5178833
5001556
5413307
3625071
5394047
5373278
5047928
5440014
6613818
4887638
5941360
5809059
4936800
5274774
5134306
4287539
3890706
5325151
4750321
5002006
5438281
4994041
5551300
5470929
5262511
5047568
5315431
4826573
4766048
4722916
3602953
5569929
5511654
4942830
4143990
5041313
5095291
5278351
5604557
5447798
5162139
6281718
5386711
5456056
3714532
5088204
3735118
5523534
5081971
5194786
3802956
3788646
4946723
5163421
5174626
6200155
6879926
5814865
3996367
6083403
5600326
5764194
4901048
6134950
5461052
5163309
5542907
5187293
5342319
3803204
5224914
5738567
5427459
5437156
5680066
5471784
5493204
4039364
5712016
8314124
5426492
5614366
6014935
4861313
5913370
6684941
5126138
4790010
4704150
5176516
4675103
5680404
3587271
5289173
5922325
5331902
5335816
3781558
3601040
3642261
3471284
5890375
5504994
4924538
3705958
5063093
5366731
3643813
5202616
3779916
5257853
5768987
5690889
5416051
5137658
5004031
6451525
5065726
3595078
3555186
3850229
5265886
5255244
5524007
5205159
3692931
3548886
5230696
4902983
4933358
3826267
5205428
4931738
3792561
5466564
6171175
5393056
5085481
5140763
5422689
5163015
5283594
4434735
3620234
4432373
5293539
5296824
5948447
8178538
6944231
6069115
3918089
3907154
3663299
5515816
3798816
5390514
5821570
3829731
3551113
5145960
6542718
6456273
5361174
5320112
5007585
6225153
4669297
3860039
5994933
5608674
5500134
5361106
5042056
5118015
5001420
3804509
3747426
3689376
4033829
4833436
4003139
3578833
3706476
5261724
4934055
4973341
4999666
3662735
3529153
3510613
3591591
3423380
5698314
5978980
5602194
5230741
5257651
5246716
5074366
3923736
3629008
5123168
4012476
3507194
3518984
4958244
5510867
5268924
5166188
5419877
5781452
5074028
4956803
3675269
3609073
3721754
3886926
3899302
3552643
5224328
4759748
3903509
5127804
5531117
5906372
4978493
5201108
5814820
5773127
5675544
5342566
5690866
5728486
5273963
5411596
4990193
5332193
5745609
4980046
5438079
5097721
3861569
5482629
8570984
5062575
5274571
4762403
6100458
5210356
4980968
3848542
5648882
3808378
5665307
3908256
5919467
3783404
3686384
3564501
4927306
3639471
5272726
3862874
3509240
3740316
5197441
3817626
5355706
5120964
3802236
5093220
3678914
5740930
5477522
3784146
3817873
5021378
3615621
5195101
5016249
5754384
5641974
4088369
5347337
6569134
6653734
5369904
6208053
6831731
5902773
5460557
4914053
5400661
4868625
4965983
5776772
4756575
5247347
5651199
5767749
5278531
4910903
5069460
3783966
3602278
3739349
5935960
5034361
5112369
5107284
5088946
6100683
5356247
3795193
3572398
5060393
5728104
5725629
5161689
5048243
6777686
5298444
6588055
5018318
4860233
5037083
3586956
3551249
3502041
3447838
3389946
5218118
3562746
3543418
3420253
5276956
5412856
5702139
4944158
5217893
4960133
5103008
5818374
3899684
5660447
5141865
4031601
5065590
3670026
3635916
4925888
5490616
5140944
3606329
5364886
5322316
5619002
5811557
5797269
5845577
5257269
3718086
3515248
3503053
3660846
5145174
3781649
4173172
3463701
3792494
3667798
4098877
3899684
5142586
5156918
5680022
3953999
4982116
3860016
5344164
5538407
5496669
5237513
5849222
4320119
6152455
5154579
5410471
3751656
4983556
5175818
3599466
4008337
3640078
5033123
5563201
5184706
3746008
3923489
3634836
3696576
3644510
5212831
5260598
5799294
5547024
5649287
4922648
4784925
5605052
5005066
3686001
3642913
3409835
3549403
4092667
3615329
3528636
4825425
5217646
5032898
5169518
3791684
3815961
5111221
5657027
5360229
5137366
5007045
5242464
5251126
5306431
3948756
5078888
5437629
5588200
5456214
5148323
6205938
5917644
5109173
5125036
5330416
5412856
5151001
4099979
5150078
4866645
5676894
5929997
5221606
3717591
3658551
3544566
5754226
3839159
4870560
5184841
5648140
4434667
4335892
5252948
4583235
5000634
5140921
4939006
5044576
3663164
3606913
3600366
5840132
5099588
5466204
4814626
5146366
4988640
4066679
5651965
5644494
6077125
5190781
5306544
5121931
4688761
5091128
5203673
5743809
6511308
5208804
5758614
5111198
5838917
5650591
4885321
6020357
5194313
5280646
6084078
4003095
3655424
3764098
5205271
5317726
5910107
4794803
3930397
4802317
5528619
4832423
5676850
5208151
4913535
3605698
5166256
5060461
4986796
5155231
5105303
5169496
5047884
5345333
5493789
3774786
4912546
5302336
5137861
5287891
4810598
4933245
5413712
5148436
4869435
5236726
5257156
4028924
3740699
5560299
5368374
5879462
5155748
5078753
4775093
5754407
5758637
5711364
6203395
5259586
5228716
5486567
5170171
5146568
7712833
4810890
5155185
5081003
5399874
4852065
5299704
5468409
5016609
3794788
3709041
3629166
3911249
3801202
3957621
3723239
5870597
5083636
3882831
3719504
5235848
5219648
5084896
4740173
4625693
4998384
5136286
5198431
4943753
5396836
5217511
5116306
5653112
5253287
5197194
4674090
5425187
4673077
4561545
5041156
5517909
5414972
3756246
3593728
3920856
3798524
3931679
3663793
5675477
3841657
3721528
3606823
4811926
3680129
3604168
3693313
6916421
6747558
5981792
5984424
5677525
5054139
6363393
6028052
3923556
3798277
5013930
6748076
6235795
3909292
5001285
5484902
4900058
5608809
6169196
5314441
5254838
5509067
6007173
5483934
5758029
6066280
5539734
6125950
5641164
4747237
4284254
5892984
5270139
3664491
5025698
5266111
5216881
5209141
5122921
4420807
5223811
5224328
6910346
5324026
5108049
5652752
5284944
5616391
4931603
5749907
5489514
5269171
5174941
6297693
6272066
3929294
3627254
3690186
4664190
3738427
3637041
3476684
3508363
4556595
3932984
4953293
5449643
5121751
4735920
5549836
4990193
5411394
5484452
4859963
4632285
5868010
5217218
5286271
5400031
5051821
3826447
3693381
5515681
5015933
5361174
5224486
4962676
5382369
5406084
4218149
4998383
5405791
5499144
3946079
4984591
5194066
6174505
5482989
5022165
4986233
5280353
5675634
6211585
5655159
5607032
5235601
4817686
5023448
4931356
5438619
4662930
5056523
5233149
5373661
5676872
6027963
6063400
3912059
3522448
5321507
5274841
5340834
4950323
5569502
4809202
3867599
4991836
4185142
5131470
4760422
5059493
5099296
3550618
3452563
4863923
3752106
3700176
5634999
4021566
3807209
3661903
3544048
3619289
3825861
3715116
3545511
3637266
3482015
5051663
5654282
5716900
5438417
5182658
6040877
3784956
3822014
4985558
5391796
4967288
4890608
4956848
4734863
5206913
5409302
5090071
5607819
5193166
4871820
5073983
5088991
4962226
4689255
5615176
5309131
5390604
3866653
3693696
4961056
5074096
4903748
4964881
4895040
4789291
3731339
3484626
3784461
4671683
3599398
4823851
3528613
3524946
5299906
5281366
4858141
4886671
5521959
4962316
4779997
4828170
3652071
3501231
3661409
3447051
3477741
3612741
3903621
4749510
5406557
4612597
4772100
5988025
3711022
5495476
3797083
3736311
5797787
5078753
4565617
4948838
4981823
5164996
5753057
5411417
5149876
5162093
5017666
4035584
3542766
3623068
3603426
3855067
3644736
5112616
5304519
5590089
3726794
3813577
3699883
5052766
4783912
5236861
3641069
3740901
3839789
5154894
5230583
5275651
5656622
5161689
4121129
3785158
5515434
4136136
5044351
5430204
5146119
5182906
3741531
5449576
5249641
5038613
4875736
5412699
5408941
5360567
5390267
5181083
5033461
5232406
5572539
5795469
5180566
5059674
5771890
5940505
5235128
5397713
5915170
6301923
5609597
5335748
5586466
6081737
5503397
5199241
4700437
5108656
4935743
5084739
5026509
4826505
4356142
5047366
5072544
5899104
3770219
3611616
3737008
5864432
5261948
5357911
5128073
5329831
5294213
5279431
5183604
3736424
5323216
4129634
6167125
5716471
3854459
4833143
3842331
4875151
4986278
4944766
4805963
6069925
5523467
5752607
4629495
5649737
4839960
5808205
4455233
4991678
5101523
5243903
4914278
4903365
5034383
4947421
5126184
5437246
3759058
3559686
4835438
4843448
3813486
3524474
5303101
4964993
4646235
4784835
4755675
4860030
5234836
4999890
5234971
6151195
5643842
5259339
4898528
5083051
4774305
4805086
5750717
5151878
5316129
4562940
3673334
5721377
5359531
5202301
5583249
5044261
5136713
5279926
4983781
4785353
4744246
5153093
5880475
4893173
4553175
5009768
5289737
4889123
5468409
3774674
5217286
4895581
4890923
5292819
3856281
4027957
5393124
4903275
5008328
6656793
5496152
5183761
5272163
6187555
5739579
5125396
5691542
5527066
5514129
6006767
5570379
5389029
5545606
5273828
5332418
5333296
4926450
5361691
3713924
4902758
5758164
5093806
5540364
5541849
6326246
3813126
4905008
5181061
3703888
3770376
3775461
3577078
3725983
4384020
4980968
4818698
5678424
3599218
3634273
3718716
3657269
5247504
3775754
3724161
3582208
5355841
5545224
5206374
5012288
5183379
5551659
5287576
6150318
5043271
5200771
4891328
5573372
5535706
5624694
3736649
3705261
4613677
3810584
3657156
3589273
5128838
5700092
3602053
4755293
5152643
5157166
5033168
4793565
4831388
4756373
4585868
4808707
4763572
4511572
4919004
4923233
3598498
3562229
3561868
3727693
3646694
3619199
3535408
3560496
3591659
5267776
5054723
5096416
3746256
3637289
6588461
3669576
5219806
3774201
4915088
5038816
4906358
5024146
5575127
4884623
5306634
4704892
4280834
4713893
5290163
5407163
5341711
4762763
5107891
5089194
4547213
5173569
4990755
4911421
5503014
5515524
3892349
5142338
4065036
5344591
5634504
5355256
3808603
3812023
5470726
5941450
3878534
5194313
5787392
5624424
4279282
4650938
5610812
3848136
5211998
5519462
3820281
4217362
3719324
3568101
3592266
6591296
4978381
5495476
8756204
4990936
4969583
4959975
3938429
5847917
6934466
5525019
5224869
10139079
3733634
5672844
5614682
5189251
5143261
3842219
3741013
5862430
5118601
3593503
3888569
5418121
4949355
5131201
5699800
5147221
5585229
5418616
5805617
5665802
4058287
3697206
4797300
4813590
3855336
4885568
5076751
4979775
4917653
5384371
5315004
6325638
5209096
5111333
4350697
4931198
5209749
5574317
5409707
4427152
5269194
4996561
5877550
4652017
5711230
5584959
5677839
6013360
5371231
6135422
4822208
4290802
3974384
4906808
5533839
5414904
3409656
3824534
5084603
3841926
4036731
3743174
5558049
4596532
5846230
5547362
5762417
3838798
4085332
3685889
3645794
3659631
3645299
5756657
5272164
6794201
6154728
6940541
5940684
6002492
5345221
5644854
5225476
5068785
5704367
5031908
4887300
5742482
5261971
6234220
6274045
3661116
4091384
3629054
6029537
5550511
3716421
3581803
5913594
4149704
5836015
5647307
5886932
5855230
6906678
6679159
5415669
4874768
5738230
3893452
5515547
5745632
5756387
5805212
5638914
5916115
5267618
5328121
5073781
5319639
4994109
5986517
5877685
5239899
5505129
5363131
4777568
6176328
5049053
5770832
3744929
3437826
3525193
3653983
5792567
5897057
5241698
5387161
4839915
3808244
5654664
3902316
5371366
6166698
5059111
5831357
6359073
6121765
5845150
6008364
5197486
5438033
4942110
5042955
5191726
5227006
5232969
5914607
5371434
5494982
5098328
5341914
3774854
3575661
4815412
5625639
3729493
3648988
5034451
5181286
5025023
5830254
5043586
3926414
3757708
4929893
4935788
5244106
5576566
5039558
5321596
5443478
5124631
3648066
3681749
3690073
3723464
5162814
5585319
5403181
5299681
5246064
5575666
5334017
5176111
5322181
5201378
5031323
4419029
3781942
4254622
5010218
5582012
5076683
5350779
5157369
5359936
5848457
5261994
5368149
5514421
4112039
3839024
5219941
5732536
4941210
5142361
6020852
5407974
5737959
5986922
6633326
5272479
5639072
3949049
3666471
5830704
6041912
5579132
5363289
5996102
5031031
6069745
5073691
5082916
5536359
5168866
5603454
6213565
5806990
5513274
6719051
6102303
5258326
5112751
5474664
5588919
5719329
5398411
6259466
5468926
3895161
6811661
5437179
6100975
6465228
6522828
3790874
5826002
5434974
5332307
5374111
5514624
5024146
5588041
5313946
5678514
3797376
3806849
5527562
5352128
5421407
3919777
3652476
5415309
5057266
5287306
5064129
5485779
5200388
5701487
6501251
4819102
5085796
5622151
3821136
5742122
5532039
6239350
4718482
3620886
3614271
5263164
5358272
5656082
6464418
5608292
5529249
5055825
5816934
5186056
5217128
4419435
5371163
5718407
5855342
5924260
5526077
5216791
3920406
4966950
5061585
5784894
5535459
3769499
5194876
5036049
6009737
4096379
7406404
5473584
5072768
5869157
5311854
5284426
6197995
5519934
5568354
5648702
5315589
5641884
3973776
3992227
5358631
4977976
4361227
3908076
5889497
5957762
5710217
4186717
4453545
6133398
6924476
5391391
7114039
7160209
6048347
3909426
4855193
3677811
3804194
3740473
5673182
5028578
5313046
3940972
5117205
5395914
5341644
4918733
5299187
5698922
5456237
4981666
4874475
5327109
5359374
5291469
4321064
4186064
5712444
5559264
5622669
3791751
5866277
5616505
5756206
5513792
4903905
5745587
5410404
4830758
4236104
5943317
5624154
4944945
5209614
5005065
6338238
5465237
3807434
3477088
5192086
5512847
5565925
5287891
3730618
5723740
5742324
5036138
4978088
4786163
4925303
5338808
5416479
5597244
5013751
5865467
5013099
5323801
5851314
3810809
3775641
5449847
5861259
3803698
4167029
3643003
3908728
5481234
5417401
5794120
4471635
3951906
5464291
5212561
4944023
4936216
5622557
5983840
5453716
6569875
3824804
5955017
5524951
5111468
4645020
5144363
3744974
5783927
3936449
5362681
4507342
4988326
5231124
4973881
5895055
5575464
5563786
5729995
5391346
5622939
5328751
4450484
5888372
5254141
5127151
3920159
3812676
5945815
6824734
5353569
5286653
5075401
6116343
5392179
6121607
6025419
6297266
5597019
5603859
5110838
5939492
5823482
5769707
5709924
4305472
5924597
6244233
6408798
3921397
5276731
4850512
5630072
5384101
5400166
5597380
5855814
5309784
5560232
5712579
5102018
5063791
5567454
5573147
5820760
4039949
4371937
3971864
5109669
5385631
5526392
5083726
6345685
6049877
4034549
5887383
5543402
5444356
5108971
5638959
4052167
5525784
4969853
5740952
5225408
5689427
4083937
6127097
6047830
3717524
5839142
5539689
5627506
5990162
5395126
5228783
4988123
4904535
5173838
5261251
5027723
4166602
4864913
5538587
3761691
3590151
5587907
3650046
5367429
6564228
5365516
5758975
6032305
5444627
4061954
5298106
7080132
9426436
5185223
7346959
5378792
7174024
5041449
3798793
8823412
5492619
5503059
4926878
4481039
5977158
3935144
6380583
6414063
5295586
3915254
5295496
5696312
5132911
4342508
5423071
3678171
6812133
7004037
3800706
5576522
6222790
6170028
5837477
5444491
5278014
4185772
5326546
5796774
5288678
8571659
6065785
5052720
5509764
3875001
5357191
4771560
6196308
4727617
4954193
5689989
5486926
5355976
5438259
5067661
4943078
5274031
5535482
5798934
5844497
5142293
5517234
5154780
5320426
6225738
5647712
4965939
5433624
5853407
3641001
5487264
5160361
5331564
5128771
5746645
5629104
4800316
3906322
5641119
5140876
4885163
5114101
5086178
5589257
5545877
5639522
4978966
5825394
5103414
3713473
3818257
3873426
5367136
4723860
4757138
4885928
3913634
3840667
5422801
4923885
5599134
4025999
4771583
5201716
5280421
5421878
5565226
5581427
5443704
5969462
5260351
5920120
5760865
5181511
5568264
5148436
4953068
5134531
5817879
4955071
5517999
5119074
4983466
5383291
5707045
5071508
5219447
3896579
3788331
3821587
6184247
5430294
5269126
5863082
3889401
4969133
4847048
5157301
3768712
5808610
5295721
4591650
5144341
6250106
5276078
5050854
5437224
6701726
3944571
3644916
3588328
4685430
5594994
5479276
6086777
6150138
5237199
4113502
5395351
5229976
5005178
5951035
3710301
3648764
5556946
5517999
5586489
5421676
5594500
5768740
5898992
6133622
5400548
5163106
5815562
5089284
5125216
5425232
5921538
6632853
5881014
5159573
4983533
5366236
5398277
6108422
4755270
5201671
5189701
4989473
4985513
4660702
5383854
5232856
5365336
4654853
5818037
4664213
4830173
5935375
5322856
5444604
6010728
5151001
5165378
5400414
5206149
5623524
5344659
5638127
3882494
3754941
3804599
3498283
3613124
5229661
5866794
3926864
5329967
5745947
4948523
5217106
5211841
3678283
3400993
5267821
4851008
6088825
3841544
3728436
4254802
5964242
5244984
5694241
5424242
5512621
5337391
5406714
3868566
4129140
3588036
3733184
3856911
6519925
5615019
5417941
4921770
5494937
4859288
5326231
4607738
5042236
5271263
5581809
3743039
5149875
4939929
3844626
6170950
5084964
5462064
4349122
5588896
5224576
4925753
5357416
5177888
5762012
3966262
3743466
5458104
5216634
5190061
5665284
5110838
4991116
4946993
4914818
5124158
5608494
6054445
5116351
5021311
4915876
4886963
5533952
5323936
4885501
5723807
4972553
5102581
3684764
5457609
5181106
4117236
5008801
5679459
5628587
4325542
3664918
5498694
3932466
6246348
6237168
6023035
5770247
5813267
5404262
4588185
5410539
3839136
5999477
5298129
3670274
3597869
3982529
5135408
4701877
3708704
5015506
4379205
5834934
5398344
4962855
4755225
5255379
3679341
3769679
5079879
3890728
4983848
4668150
3661363
4939995
4806525
5083433
5418459
5460151
5886887
3738179
5789822
5504184
5867559
5134688
4989720
4854496
5003625
5699596
5115788
5475001
5195011
5318042
5671539
5651176
3828538
5480581
5353996
3859837
5031863
3813554
3715071
3638031
4991318
5907205
5175166
5873522
5627687
5727767
5228896
4735965
5279296
4899293
5561312
5566757
5214429
5026081
5201941
6124735
5042258
5371704
5413733
5229706
4933786
5025563
5362276
4967356
6060925
5428269
5239516
5939065
5906732
5418054
5329179
5400684
5450949
5132753
5726057
5168191
5237648
5292437
3722024
4923705
3669868
3772762
4917046
5396184
4961123
3743151
5824022
5153993
3935932
6427721
3711741
5305914
5012648
4946835
5316309
3573726
5309198
5897799
5071036
5263771
5124541
5143891
5243723
6038357
4851435
4394505
3548594
3541101
4571625
5677952
5803007
3705644
5041516
5546372
5272861
4743255
4139399
3610153
5659502
6253525
3788264
5341283
3753276
3672141
3525688
3969637
5803232
3856192
5573034
5684882
5290973
3586596
3686384
3599196
3689173
4767848
5398006
5197643
3605159
5860270
5560974
3415978
5043091
3842579
4667228
3745964
5418954
5161284
3708051
5526932
5364751
4883813
5251958
3765246
5011681
5333881
4565617
3594921
5505894
3820236
4272307
5351611
3652858
5655204
5407502
5098261
5687897
7493570
5268271
5425231
5312551
5175999
5014223
5205744
5638689
5100714
5693567
4924695
5132596
4820633
5553999
4919903
4714365
5478826
5512509
4872271
5374561
5772812
3951298
3841207
5343062
5653246
5321281
5233621
5170329
5606019
5021806
5327941
4749263
6471010
5626900
5379354
3843659
5131674
5276191
5501776
5290051
5572156
5149088
5039761
4945283
5177011
4677015
3794744
3735996
4960133
4649993
3680129
4573177
5040863
5070923
5105460
3518038
3607229
3544296
5792972
4300477
3548211
5763182
5518967
6572531
5229121
5265413
4913670
5467982
5524996
5253151
5939875
5215621
5049414
5298894
5525716
4984681
5260396
5107284
5319864
5127826
5186416
5583564
5556767
5408762
5618350
5474597
3906231
3581646
3762591
5378499
4959953
4882485
4675260
3706949
5010083
3818841
4660973
3739011
3872909
3657449
4942493
5258529
5146253
3638346
5691520
3617106
3632136
4778805
5110771
4362037
5024618
4997326
5365853
3666876
5343692
5188621
5654169
5288633
5424984
5011478
5218501
5950450
3761556
5322159
3845684
5460174
5336333
5035621
6019435
5362209
4972621
4698885
5100578
5133653
4371037
5163915
5371974
5854037
5234116
5182343
5649197
5814415
5030581
5016248
5754519
5416613
5986315
5093019
5571887
5241361
4777140
5466699
5197193
5167606
5215328
5439542
5607257
5121774
5927703
5353253
5053058
5117363
5784984
5174514
5515884
5494531
5359306
4980068
4848353
5243273
3834456
3497315
5070450
5814707
5852912
5434074
5078776
3808311
5167719
5655406
5847107
5728419
5365381
5196788
5484316
3769049
5035148
5572224
3816164
3661184
3668406
5538992
3893834
3770713
5672484
5626382
3860917
4158637
5313901
4604970
3664401
6253277
5518652
5600552
5675117
5432318
5300941
5190623
5439992
5200861
5018566
5132574
3711764
6379278
5427773
5353952
4985873
4960448
4909688
4794106
5383877
5232384
5060011
5175301
4932278
4684237
4703205
4780267
4973655
5284809
4937521
5136849
5051685
5774860
5036544
5353187
5191794
5137119
5598550
5259541
5158381
5292954
5335479
5316399
5178249
5781587
4967559
5077853
5585364
4973949
5020523
4746630
5280151
5317366
3709289
5441769
5284651
5414454
5467329
5425704
5350847
5759627
5922414
3619288
5467689
4920848
3732621
5528731
5452457
5401066
3819157
5580774
5101546
3875721
5211909
5170756
6055097
5143081
6190075
5599877
5835992
4887030
5336874
5013098
5101230
4998091
4730678
5622354
5142699
5185404
4626548
5349407
4993928
5992187
5482112
5401809
6327460
4013264
6068350
6407088
5234386
4867095
5566734
5132956
5742122
5260554
5581539
5421767
3858396
5094414
3817739
5295878
5441859
3684831
5194831
5487219
5657814
5038051
5441319
5033168
5620847
3689354
3400791
5808925
5332756
5154736
5491449
5614996
4949603
5623276
5457293
5218952
4909283
5854420
5199061
4974623
5193009
5404667
4870853
5496016
4995008
5372379
3548504
3603245
5297431
5139661
4923323
5935847
3597329
3813013
3591524
3587878
3600231
4939433
6975956
5289241
3723306
5495521
5035419
3594223
3466446
3650879
5402461
5089351
3816906
3659699
3798051
4973048
5040909
4941031
5079766
5479209
5182861
3679049
3533474
3723239
3751566
4621170
3821969
5641299
5781137
4997055
5423453
5187226
5999477
4078514
4193940
5360769
5443299
5685692
5426806
3845639
5167246
5690731
5961677
5034158
5358834
5743629
4177874
3553161
5125058
5003333
3663006
3875698
4873913
5611915
5176381
5624851
5446179
6553945
4974578
5518742
6536216
5757107
5657792
5202571
4783733
4879583
4895603
4940918
4649295
5282019
3840959
4893915
5673226
5084851
4753133
5294326
5303348
4667880
5207341
5372537
5745970
4104210
3569406
3438051
4945958
5620531
5825529
5667692
5225499
5098846
6274743
5460646
4971204
4770975
5311336
5323779
5250676
5222123
5384934
3871784
4384424
3676326
4284907
3696261
4826123
4697738
3717591
5202796
3714374
3511130
5494036
5047974
5722862
5208646
5240146
3660868
5095898
5106271
5362254
5245613
5586130
4815143
3929496
5513949
5273739
4899068
5006888
5147738
5497434
5180049
4606725
4854856
4753336
5555371
5318581
5372784
3585470
5149989
3601536
5263164
3748394
4648710
5963657
6493444
5419021
5949640
6790128
5570155
5532737
5842359
5517932
6249273
5602216
5586827
3706589
5331159
5187586
6141520
5156761
5043833
4748543
5087258
3850499
4842053
5670212
5259969
5103548
5512689
3878039
5111986
5617337
5321394
4792171
5394384
5060956
5020095
3479473
4944046
3946664
5524547
4993005
5308614
5348416
4974465
5150078
5190443
3904499
5058638
5409504
4997168
4002576
3591793
4983870
4572975
5161643
4973025
5223654
5823842
5362253
5037443
5199624
3880109
5765702
4687725
5339911
5318693
5348596
4618245
6010840
5265009
5999275
3887579
5882229
6374575
5818622
5884997
3670566
5595084
5152148
5051236
4515690
5466294
5748556
5082286
5123326
5328616
4783688
5380884
3749901
5036431
5121548
5654192
4874813
5853227
5926240
5085661
5056771
5293246
3982394
5284403
5631039
5057963
3787183
5262129
3931477
4820970
3818684
3609028
3610761
4813568
3679724
3505213
3637063
5130525
5358002
5540162
5777267
4798672
5346481
3576021
5208871
5072251
5373166
5613849
5728330
5278194
5432072
5219919
5112548
5032246
5146996
5204844
5394834
4948636
5406083
6140080
5508999
4856768
5630409
4999868
5109083
5214046
3952582
5123573
3769657
5108521
5141911
4622025
5954455
5222056
3783426
4903748
5634212
5200929
4982205
5256729
4921861
5142226
5051506
5713502
5476396
5007270
5670796
4068321
5009520
5422599
5739646
5039648
5076458
4799325
5255761
5504229
5955152
5112639
5953465
5324319
4803376
5110726
4753065
3788534
4812286
4185457
5099049
5256504
5250586
5259272
4970978
5229684
5146073
5321821
5394767
5817632
4069199
4080045
5417784
5364391
4586543
3708209
4861133
5277856
5428449
4936890
3854459
3661656
3681591
5126116
5107779
5495251
5002703
5062914
5181646
5103188
5186596
5065186
5425028
4997033
3589926
5059493
5818622
5506907
5044283
5015055
5191074
5739040
5600777
5607909
3977084
3716826
5469016
5058683
6308268
3830563
3683143
5132933
4761908
5362861
5046713
5053419
4939365
4919476
4849725
5308119
4866848
3778949
3555614
4034482
5225521
3747516
5220459
5325826
5451466
4203794
3635690
3744839
4397227
3553160
3670296
4979888
5259721
5210694
4671953
3847237
3943694
4990216
5009700
4919723
5436594
3824444
3519613
5372086
5405162
4559205
3646513
3693561
3617286
4566652
3838911
3876014
3741329
4038126
3858194
5493159
5648905
4944428
5194584
4165432
5214136
4992555
5162048
5152238
3789389
3717051
5461502
5238819
3660778
5282041
3805409
3763199
3684786
3525058
5072746
4766385
4830623
4929060
4679873
5315611
4011667
3554983
3609501
3678914
3775484
4321830
6165910
3854684
5161644
4944743
4864441
5221808
3547851
3566323
4714050
4841940
5262601
3894463
5218839
5578996
5117859
4758375
5193481
5154106
4841761
5146681
3644826
3582253
4686848
3613348
3863301
3772941
3652183
4953293
5068651
5078619
3783696
3780906
3537861
3588530
3502626
5437133
4980001
4636245
4866083
4811003
5191523
5221246
4773315
5868212
5558836
3864201
4834402
4901228
3629706
3521053
3777869
3645568
3561778
4819013
3839901
3683886
3809189
5012131
4825785
5342926
4974173
5165918
4826798
5117161
5329157
4999733
5608764
4853595
3786352
3581353
5798709
4339537
3609951
5753732
5304766
5027228
3591816
5737330
5358496
5607167
5040031
5157053
5517212
5284899
5060259
5481212
6082840
5260396
5542771
5380771
3782819
3650428
3691986
4902308
4538527
3744321
4703948
5405994
5486139
5501552
5253084
5491539
5600326
5053643
3653849
4972710
5451917
5123843
4847160
5056793
5225836
5049863
5630589
5630882
3732892
5431802
5585837
5283863
6049787
5195844
5253421
4811903
5498671
5908825
5111153
5843349
5190241
4107224
5658782
6034037
4956848
5138581
4826708
3774583
3960029
3776046
6305163
5155074
5675275
5431667
5326366
5259856
5276236
3712843
5331564
6025870
5840312
5222484
5822492
5249439
5463144
5456821
4995188
6031742
5407119
5674554
4375717
5442826
5610924
4984411
5449914
5354199
5791959
5135679
4787490
4362014
5028331
3941893
3769611
3599308
4924673
5485756
5234746
5303372
6405918
6068620
4977054
5538654
5156063
5956952
6010457
5516964
5291874
5483281
5394541
5509426
5321169
5223046
5100669
4311614
3495043
4723612
3818593
5127916
4102792
5168303
5152419
5488772
5099476
5090071
5141686
5073961
5107868
3896242
3850342
5679594
3699974
4513934
4139669
3642351
3981922
3602819
4918891
5696852
5059920
5271624
5634077
5137815
5583767
5482202
3953324
5481031
5869584
5261206
5014493
6355090
5306004
4877288
5047523
5260576
7183339
5482224
5444716
5385317
5746509
5703130
5006011
5647914
5939244
5711185
5446201
5211639
6478908
3779083
5758749
3956429
4877536
4905368
5204371
5149381
5471604
5250631
5662607
4895851
3456276
5075806
5219671
5930155
5083838
3721146
3535970
3585336
5123303
5985258
3812811
5625189
5133429
3604123
5023493
4959458
5690710
4809608
5048693
5582440
5269216
5091646
5348438
4817461
5263028
5482606
6310000
5065051
5580977
6067967
5585386
5858154
3769566
6548366
6072490
6034352
3813351
3813553
3642171
3747359
3878557
5252454
4708583
5417941
6442683
6658818
4510110
6019570
5577489
4939929
5840514
5722727
5208106
3914894
5169788
5669334
6225445
5500134
5156468
5118939
7727615
5745722
5641232
4836878
5643594
3944234
5464899
8488162
5623366
3902609
5022796
4987088
6220427
4903793
5253983
5253488
4832558
5392067
5491989
5577714
3954493
3812586
5428651
5659861
5893749
5315544
5649782
4320232
3904138
5224801
3754986
5559557
3649934
5845825
5189948
5683329
6184382
5926150
6022562
5793917
5396476
6789993
6047335
5273131
6205195
5799002
5946579
5868302
6633371
5677817
5774814
7128192
4542083
5951642
6761846
6241532
6238675
6176373
6069093
5099679
4413630
5154803
4896818
4440495
3724993
5389974
5540589
3829934
3860917
3786711
3473038
5250631
5205114
6180153
6129325
5895797
5566734
5190039
5846117
5218096
4240514
5279521
5263547
5644966
5697459
6306535
5408874
5202684
5577376
