19812475
20150673
16124944
19626197
19988650
19227519
20643042
20140930
20006987
20934484
19998123
19847125
17204000
16865758
15392680
15505743
8659409
14448466
19789008
17096428
19593572
19018674
19867038
19780637
17730299
19320151
20877582
20578084
18057832
16831400
18161152
14675153
19413392
15030250
14251703
19799290
16207857
13688415
14679451
15480588
19873743
19013634
19701415
19423854
20593429
15962246
18304297
19859792
19894060
18231263
19548819
21110569
21556475
17356799
19551047
20967627
18743499
18268095
19465682
19834660
19731138
19475964
19772178
18633810
17841742
18781321
15591850
20248525
14989052
19090943
20270170
18959881
18813901
20372748
19365286
19565807
20241506
20348943
16469577
18988793
19411885
18984788
19714869
15889954
15777498
17151283
20190880
19704925
14672971
19374962
19266061
20842189
20323654
16310907
16146836
16084242
17564541
18975946
16031299
16915752
16776162
19607252
15618153
20056150
19649215
19332999
19535590
18770948
21375035
20142820
26960647
20418986
17863589
21281097
19124649
17912752
19830632
15224560
8506499
8810587
17706651
19475672
20251923
18100064
19009764
19750173
20541656
19700492
19931860
14976182
15165160
19501254
19797580
15456738
15280720
18218460
20814806
19493199
19037056
15401455
18564803
19864923
20505904
15602021
19809573
20344690
20028228
19893813
20536076
20420134
18888376
19974655
19571612
19621045
19001123
19111733
18606473
15857553
15247082
17445921
18684975
16441429
18827625
19531720
20150492
20114313
19956137
19874418
19841702
17124103
19699164
16456572
16171069
19310454
19224526
18863783
18854333
15035672
15989583
15777363
15468595
19406439
19924098
18255652
16257086
16972071
14979512
19040318
19836775
18048562
15953313
16901938
19304446
11947497
16292479
18538860
19944888
20247378
19541012
20157356
15303805
16237984
15136045
15370765
20665204
19643049
19168727
19304267
19765292
19435217
19020001
19084554
19866183
19565964
18315255
17778966
19113241
19356917
19009562
19063786
21136085
18372608
19385177
15874271
17176483
15469810
18719536
19538087
19304919
19582637
19981360
20364198
17700689
19480261
18596101
18938394
18642541
19602685
20106460
19094881
20203436
19610582
19725850
20766589
19481275
20490761
17299468
15924874
19755684
20255546
19099921
19585899
19193319
16792947
18899176
19051591
19230309
18420352
19514034
19772177
17781172
17254963
17118906
17052080
19539955
19638864
19202364
15102970
20219951
16191972
15674718
14492566
18927098
19600795
18733846
21426357
20477666
16428200
16123999
17668874
17466666
19178964
20202243
19355657
20146308
8559104
20341744
18113880
19788017
18549570
20031197
18695730
18847651
19743963
18892516
19554107
20204808
17961622
18993451
20105875
17993909
22333716
19776453
20318636
20342396
15701583
15904151
15055608
18267667
18741270
19765450
18989198
20391446
19131129
19317587
18854086
19813442
20713287
19534217
19745785
18897376
19243382
19412379
19996300
18352515
15074620
14635846
19336194
20573448
18660226
21428293
18888781
20001971
16963948
14775909
19879548
19509197
14417371
19961358
20017450
17521971
14403421
18609803
18164550
19714149
19694867
19582479
20006898
19662467
14692141
17402901
20200398
21348755
20247310
21614953
20278698
19822983
17230573
19111824
20156973
18942308
19862042
19839857
18730695
16227026
19421492
16417579
14017860
15136472
18875888
16620844
15642903
19905962
15156699
19439042
19263204
16773440
20067153
19137406
19770534
20978810
19201127
18369390
19543330
20350136
18588450
18591173
19634185
15949781
19954428
20160101
19421514
21129987
19395955
19200001
15385323
20114606
18797858
18379852
15080853
19328792
18119032
19276209
19992655
16722747
16361666
21173682
18310665
17889734
15503043
9821311
8993108
18308145
19487079
18418688
17285158
18060959
20025437
16071326
19784957
20626886
19228036
19956767
16724884
19194872
19275624
20098878
20001341
20637979
20582066
18436102
20016100
15392230
15400105
15714588
15904511
19516217
20257120
19352282
19792517
19472297
15546580
20319491
20206136
16897978
17070013
16070426
18742125
15389350
15475390
14542359
14995599
14634992
17847885
18127154
16140536
19424282
20977460
14562137
16563200
19519097
15654535
19001214
20319356
18853456
18891121
19730732
19734287
16502179
19984735
20184355
19251818
17078136
20093928
20911377
18668798
20306215
19914107
20879449
15103127
19523440
20482864
20376101
20261823
19923377
16246579
18316897
19089684
19413235
19974250
19058723
19457807
19569047
15326485
20169798
15615521
16632837
19149331
20565101
20875647
19751769
16546842
12261822
10453270
17425198
19306247
19828607
15705993
18638288
20439618
20054823
19292837
15914366
19896827
18809243
17745711
17406614
16178403
18740213
19868545
19450517
15495281
19512482
15752501
19704159
19086331
16658375
20546516
17617349
19739170
20754348
19314999
19543172
20181970
20391559
13980532
11819584
8784172
13722772
17136995
16031276
12255837
19788107
17729444
18417293
15125312
20553536
18235762
16276999
8519324
13927748
18529230
19784124
18873144
18647041
17993122
15345857
19155338
19680670
18586223
18948968
18749663
20402539
8909632
15371957
19859162
19821160
18666841
16195437
19650182
19064506
16129984
20914797
19405922
14252694
19912488
19644737
19305009
19405449
17344333
20167211
14860104
19576405
20794624
19926032
17934891
20687794
19475559
19877207
21877280
18877283
18092032
19966555
18975811
20676251
15840138
14847774
18121305
19056451
20406611
19207922
15902846
17162150
19364207
19996525
19822059
19274589
19301162
20655731
21571617
18330983
19779062
15314042
18392790
19739237
15534520
19080886
19764234
20304686
8845282
19957060
20801712
15487338
15640698
18040777
18756166
19338354
20115168
18076732
20104660
18427755
18623460
15101844
18579901
18786721
18482723
20506398
19740093
17777707
15981934
19882900
18760283
19721417
16375010
19483074
19440279
8784374
9394125
20034617
16373231
18371100
19373004
18322973
18702774
18569842
19371991
19500715
19754087
19428264
19924030
19102329
18427372
19700898
18684390
20086031
23366671
19330390
22138326
16516490
16293267
16195976
18091334
15909259
14669056
17315331
15317058
21241924
15388136
19703709
18664523
19936270
16695814
19974610
16747948
16338177
15835864
18830079
15885498
18230228
20114290
19762164
19449032
18664523
9011827
19381622
20535536
19708074
20373131
20575541
19534082
19604012
19479879
20375223
18169207
19236294
19439357
19690390
19360652
19913568
16564437
18559966
14581193
19185758
15387302
19580004
19444172
19474907
19914152
17773184
19521009
20062922
18963729
19177884
19692662
19269234
18334583
19997380
20474381
20200376
17787157
19029608
18848439
19330389
19314864
18703718
19125211
16891880
20089247
16903940
22037886
20032143
19756202
20117733
20319603
20056465
20233024
20174590
18931283
20196641
19184588
19150074
18524280
20042898
19838192
20066882
15850489
15689298
16607749
15310307
12694071
15771671
15637165
18710671
20451341
17909332
19997582
19811147
19006996
17148831
19216831
20168560
18608363
19669150
19027763
16913210
20204966
15561565
20306981
19930465
14989030
20887032
17897205
19152571
16912062
18827603
15157757
16301929
15027235
14279581
9445673
18672533
18242738
16118127
20914684
18227977
19890685
17312068
15264745
18281482
16366797
15899156
16557980
19781357
20161360
19742747
18973111
20038106
19909810
18560798
16727382
15619098
16308792
20652873
17270264
17998409
14866944
16327871
18555578
15175285
17675399
16387655
19298911
13456192
9035385
19918833
18712965
20468419
10379829
18063007
18114555
17472359
20156500
18859103
20794984
15899921
19160851
20678096
20022355
15355105
16166704
19277447
20181183
19131444
18991943
19235889
19996615
18625036
19951548
19656977
20138658
19859860
19199304
15452462
19424979
17495376
19788917
13664069
16339302
19787387
20310558
19170549
17842776
18177060
18076957
17040402
20449181
16997810
20394619
20009643
17735744
18755243
20250326
16575822
20012951
19162134
18839033
16417309
19424101
19085004
19505237
20214326
20411674
18925568
15404718
16097359
10999481
15785891
19652410
20012996
22474184
20367213
19271394
17758807
15856429
18873436
20399838
19757913
17307860
16793262
16576159
17584836
15740913
18863491
15992238
16621924
20047308
16727495
19805230
19490905
16816325
19918698
20296226
20413991
18703628
20305271
18982269
20587309
15296402
19476819
18744421
19722272
18998941
19643094
19024613
11668609
21140427
15907661
18853141
19257849
18210247
15155912
19970785
20282163
20732704
17229426
18700433
20222920
20501898
21092209
20445154
18775830
17195519
20526311
20601281
19123321
16986628
19782414
21652527
20904402
19807480
18815228
19221759
19886050
20007055
19103544
20526851
15971808
19901597
19681119
19334147
20318478
18417180
15407486
19025266
20476361
15891416
16886930
20706198
20016573
19690029
20172273
8549766
15993544
14636296
19648967
21119907
15694383
14837919
15786364
16478487
16101994
14616384
19348344
20457686
15218125
15795588
15839306
15831903
20018597
20275751
19655042
19162044
19069478
19791955
19349379
18864751
15444363
18639683
20106978
19135854
18489225
20067648
20377743
20510831
20106505
15826256
14086036
16605882
15068860
16733277
15771491
14595391
20119443
19168253
17365281
19255104
20066231
19395662
19047631
19849960
18151634
14613504
19993442
16922053
20041233
16402932
17172838
19269999
20425038
19223492
18150420
16747992
17791566
19111802
17790599
15967083
15807244
16608785
16618640
20335511
16896200
14863074
16497702
19026458
19300667
15089133
20588052
14933116
19262417
20121558
18884461
16044573
19678690
21157977
19454657
16478464
19948240
19956183
20521361
19954765
19248557
19786937
18565118
20122210
20914392
14822867
16956680
14105858
20030500
14892054
19736469
19550957
19424439
20131323
17688359
18959228
19971505
18380190
18867743
19541755
19877973
19264981
19086893
21021019
19652387
19783270
18937808
20188496
19320804
19695025
19690660
18545655
17149033
15647111
15293118
16579040
17415275
18254437
18793403
19342562
14851734
19410422
15527996
20085446
20377856
16239312
15401050
19799582
19654165
19199326
19925987
19648247
20390749
18975069
16015008
13983773
20089001
20397048
15866463
14297963
14872795
14786574
18418485
16479319
14875314
20012298
20066658
19987953
11988200
20506196
20278653
19680940
15985758
14826085
15903116
15716861
20141178
19845527
19688860
20309680
18652936
8343734
16035192
15314357
19358425
15582490
18932251
20060065
15549370
19469327
17480166
14756627
19193836
18781771
20110105
20520528
20713197
19907987
19509400
18968274
18557040
18200055
19696870
19076904
14994295
17089858
20882531
18151409
18060217
21903470
18883808
19123816
17769404
15402940
14594468
19184251
20259663
15355308
20497083
20402809
18918976
19404706
19068016
15950524
15759611
19043199
19611932
19718177
19000088
19285524
20009755
15688173
19681210
19927293
19519457
17913360
14912665
18770161
20150021
15799323
20944114
20119533
20516253
20128848
20398623
20524669
19674414
20275570
19948870
19786510
19392894
20186245
17805269
20824122
14201888
15724196
20290758
19037281
20257054
19511514
19551475
18069735
20316003
20795097
15245823
17157470
15050747
18814373
19305234
16788222
20337311
18867271
15496203
14456453
20134586
19518759
19287212
17772194
14160781
15772368
19011046
12257345
20247378
19696262
19738720
19282621
14074651
17249609
13908893
15786633
19517949
17330811
14259938
19933098
15296380
19858217
16422327
14747447
17336368
15636783
15520188
18761948
20630217
15383320
19723104
18230408
14701232
16368192
16710462
18458355
19668407
20195673
19522855
19199529
15184982
18703156
19485549
19673178
19258321
20271746
19849037
20086502
17999400
14879724
19506811
19492457
19591592
19829575
19790268
20390231
19012261
20177065
18610051
20338616
18160679
19770918
15260245
13911301
18958306
19983633
19079919
19926078
20546111
16443342
18396907
18646208
19024321
17804796
19299744
20105358
19095016
19291892
18485220
15650890
19115132
18075360
19981180
20585464
15939476
14879364
18992416
20170000
15612325
16422890
20115956
19598769
17733697
20200870
19294524
16254791
15600558
19685642
18547478
17045735
19946981
19000853
20509616
19652994
19980347
20606636
19107076
18693840
19860805
19936675
19017954
19970785
15401500
19702360
19930600
15449268
19807885
19825098
15170582
15234640
16090452
16892803
18882211
14958340
20924831
16514577
17400876
16501347
16175636
10156652
17042833
19978683
19265228
17106373
15659396
17462031
18002009
19251031
15308215
19690030
19850343
19540809
16121006
19836639
18403837
16695635
19505867
19812519
18920956
19716669
19300172
17351488
17716034
19854190
17583261
20218781
18995094
19227901
19387134
19138262
8686567
18595043
19440100
13912853
19323931
19012126
18832845
19303142
19714713
16591280
19301162
19111846
14919549
19002339
18672645
18890311
19198809
17889622
19863707
18009862
20011960
17758739
19174711
18981526
19975532
19121679
20282433
19461001
19774337
20188180
15877578
19222253
15486303
19594382
15788253
15619053
18163604
17792286
19567405
19242302
19538267
19984398
19247679
18637185
19901755
20188923
20003298
19176242
18274598
19083024
18657728
19152932
15000167
20141583
15687430
18621593
19691493
20074758
20017878
20024245
19098414
18568628
17653957
20588321
18109042
19762277
16884028
18554476
19837472
20946702
18958441
19594990
19894667
18789465
19690592
18887566
19743895
19374871
19512370
19881572
17560379
18840766
19178671
19496124
18981503
19256094
19502109
20068683
20083038
17881702
14853736
19142694
15339355
17521949
15757496
20605488
20133978
19808650
16449395
20006358
20110623
20337783
18650235
20086300
17681204
19365827
19718559
19019888
19177524
18713618
18988861
17332499
19100597
19084711
19082303
21326840
18521311
15374590
19693585
14951184
9614423
15741228
16313516
19018786
19227024
19447389
19269212
18502658
15784991
19087658
15236103
14213970
19344136
19870210
19162089
20159538
18388583
20979170
15451382
20003366
14494996
19278796
16067793
19272136
20389916
19692302
20197675
20520798
20880102
18842499
19236789
14405221
17925217
16126068
15618153
15159535
12943372
19958320
16491649
16791732
17776627
19497699
16862135
19558494
20840029
15218979
14353133
15959861
20351036
10843263
19310612
17742562
15087894
20381523
19385626
19448335
18195104
9088530
18317887
14624776
15968051
17177203
16015301
16506184
14651078
16518650
20109858
19601559
18250050
16679750
17663339
17987925
21205295
13835453
15023770
15574728
15829699
19456704
19271191
19921263
20056488
19286042
16658847
14970805
14366026
15514585
19882450
18558751
18598508
18963099
18658605
18555353
14758562
19611032
19337881
16226756
18103012
20224406
19016334
19791505
18143535
19364409
19885442
18929866
19263856
19605250
20427671
19382454
20253363
15411288
15050387
18416887
17819422
15143627
20138230
19874147
18831563
20011848
16008888
15119193
19821408
18789128
19041646
16847353
19129059
19614542
15697803
17174143
15582221
14213386
13245524
17275821
19574290
18772411
20439123
20166130
19880380
19237756
20806099
17911582
18010087
15039474
16685015
17850719
19093666
20270485
18913441
18697890
19400589
20907215
15879446
19550102
19780682
19726254
16687242
16105639
16603834
15875846
19224661
15372745
19890865
19140871
20170338
19571409
18812101
16949570
18452280
19847890
19142132
19405089
20642546
20132065
18842093
19708457
19904590
17291616
21189904
18864436
16585183
20337873
21270702
19255149
19485842
16960842
20266188
20239345
13295384
19897502
16040186
15771851
17476724
19194174
18928786
20389151
20027890
16158086
15198347
14694639
19409116
18968498
9782566
14901707
16139952
10261007
8486766
14751272
19259334
19423900
20195065
19399644
19916245
16675520
16496441
15563366
18720818
19388079
14354281
18599970
18379200
19144134
20023616
19396719
19325800
19531495
15383231
15358637
19157476
19193566
18692243
19613552
19313604
18206872
19093261
19565920
18334380
18538343
19128969
19103679
19318622
13148077
15721315
8636571
15669701
19884295
20595949
16833402
14209763
12687074
15596081
19445994
19242796
19376221
16395439
19640440
19985230
19813577
19395324
19678420
20353983
19910215
18798578
14307076
19729720
19955553
20482931
19752017
19357749
17468984
20006830
19051118
18920461
18224287
17941980
18233917
19989257
19598252
20174928
18208605
19886815
20259506
15882731
20245758
14350276
15207685
16154194
18485333
16487960
15458673
20199228
19158308
18956146
18895418
19255487
14886587
17992604
19762817
20627786
16888843
18980041
16910667
19927383
21058212
15191035
17964096
18927436
17670133
20245916
17571381
17890769
14398021
16747498
14555251
14503658
17368206
19522630
21302562
19433372
15891799
16226734
18265147
17128625
20427783
15674403
15755380
16438460
15594190
14453574
17058223
15847383
17135713
15448232
15426543
14704449
20084298
17276158
13751955
17979150
17035318
17067110
15933536
17103988
16211411
19403919
14972155
19496259
18828549
19831465
19607455
16128791
19520559
16286112
16376764
19329534
18182303
16263522
19058701
14874639
21086877
19663120
19384795
18375375
19760905
19968220
19131804
19291666
19019641
15423685
9333802
16304067
18935896
20848961
16437110
15269447
17413476
15887816
18491543
19962482
16956905
20033223
18872108
18939541
19766935
20558576
18866325
18902640
20575091
16069121
19098144
19290879
15317935
16937983
19520604
18064920
20093208
18259230
19230399
20017743
19389947
18072254
19699480
17803177
19054043
18203047
17647431
18693323
18369908
18530827
20737316
20794467
15850151
20805379
21109827
19039846
14028300
20535176
18664927
20674654
15805443
17098115
19350392
20240628
20817911
20772642
19174239
19809888
19533609
19319094
19029677
15712473
18638558
18750226
17701904
14534754
15091157
15648145
15749576
20766881
18307470
19249974
20967311
18714338
16056273
20451454
20300118
18878274
11938610
19393660
19599242
8163306
8866545
8952697
15565097
18540278
18868486
19136574
20045485
18049552
17123158
16033616
19462960
20161136
17494971
20394663
20751108
20062180
18562598
21022212
14959104
18251827
16338402
19325979
19983497
19549089
19791775
18242535
15992958
19553297
20096942
20304258
21157774
14970669
15946024
16145756
19376581
19586237
19012486
20383481
20141762
20071225
18593873
20450035
9475441
15393985
18276375
20287631
20875557
20227443
16796457
17081286
20619956
16278597
19630292
16838105
21923923
16004771
17548003
20762854
19949590
17363278
19002946
20089518
18364845
19027268
20041818
16704500
20024853
19945022
18867743
15675641
19553184
17302640
20295078
19533880
21222439
19118956
19664672
19239759
19947768
18973336
16829532
19420456
20146758
16186999
18131677
15576100
15328263
18658560
15421750
20413293
21056209
18114870
19985320
19950108
17006270
19759082
20606007
19930240
19011226
20499716
19976748
18831045
17163343
20170450
20671346
14933949
19907043
19330074
19275061
18165157
19820732
15535082
12289723
15982249
15830846
18423052
19310679
17003030
18157822
16605972
15761388
19858037
20041593
17733989
15953359
15672829
19499657
19418297
19269976
18754703
19431257
17872522
15695373
20209600
19923355
20224923
15251110
19900405
19088086
19617557
19261719
19469169
19008346
19167174
20351621
19807750
20149458
19568237
17802817
19243899
20044855
19403357
18984789
17554281
20196078
19194151
19304446
19161031
19362767
20475191
19608017
15823151
19553274
15633521
11902902
19690772
17078901
19706635
19053211
19250941
20038398
19623407
18685178
19763402
17820186
15325360
20099980
20171643
15335530
14112698
20872452
19067409
14787542
17251295
20752414
9019544
19245227
16433802
20830849
20148108
19410692
19337634
16153046
21185225
15397045
20598379
20998092
19821003
19967050
18890288
19361439
20275570
16738813
19735457
20196551
19568034
19450944
19535859
17932462
19646245
20428616
19513022
15637436
19556245
14570619
15575628
19183734
18642878
15593493
19633329
16386057
14888005
13946581
9162668
15097412
19771615
20286798
20136048
19387494
19798614
15701470
18637276
19090921
20146376
20114088
14811954
14708364
20975592
19209182
19715094
19551879
21159665
17342916
20864891
19826695
20672877
19702135
14814047
17180060
19316507
16670435
18602176
20266211
19093306
16754157
16077514
14873672
20045935
17596378
15074935
15068725
18707903
17209580
21002232
19150433
18113947
18429262
18653296
21300852
20009710
15897018
15363070
20128218
18947889
16264669
20472063
18509700
18796846
20028452
16839837
18773288
19740407
18632753
19005286
20026811
15119935
16487734
15018999
15596148
15460878
18472058
19080729
16333609
16547832
19322222
19646019
12261080
17586142
16776230
21055152
17505118
15247915
19233008
20276516
19366231
20237523
17974964
15628750
19164091
19925380
20192636
14948327
15711325
19409881
19581917
19131848
20889079
20426771
19382791
15066115
15220577
18587078
18252884
20422496
14860194
14779261
15484863
19314436
20061077
19686677
17107880
15832578
18488730
20020937
19877230
17490381
14591116
19209631
18751215
18686011
21510440
19284241
19054764
18801211
19441719
19476301
19608849
18187094
18017782
15034299
19153314
17786527
18979433
15994466
19711292
9189285
16302132
20516546
20025325
19435082
16418389
20334476
19489577
18612998
16476867
15136989
19529222
20230570
19593370
20621936
20495711
20101802
19079896
19171809
20410121
19088086
15473050
10507134
19750060
16100149
19517049
20550544
18630953
19824940
16704050
22305299
19061243
19339052
16896043
19598927
18375083
19747472
19079762
19039913
18988591
18293137
20763777
17795774
16818058
18275204
19423067
19961717
8718359
16205764
17521341
19891135
20848444
17207780
20051808
18054345
20867141
17739591
19320736
20470533
19135314
15993094
19352664
15420468
16521035
18072974
17284528
18476783
17676794
15438738
17242925
17704672
17861024
20006741
17759436
16859503
15855235
15493908
16409480
16588085
19926797
20493753
19854797
19767002
18512782
19394829
19595844
18200459
18606968
20111230
17818319
21255875
19082417
14301114
19236272
19977558
14706002
19545130
19281609
19502334
17710409
16740613
17218738
17383191
14540783
19010686
18129720
19985950
19316777
15576483
18578595
19286941
14912349
20588096
19531292
17980117
18956191
18487065
19822825
19961402
20428773
20774486
18580440
19691200
19968557
20073566
20076220
20100003
16892015
15290283
15036955
17011333
19520965
19786644
19909090
14594784
18173460
19029721
16316780
19748822
19106604
20670649
19850770
20323135
15940984
15676766
19277694
20534141
18326955
19628807
17472899
17264976
19570892
19248804
18348172
19295537
15330287
18257880
16579444
15707816
19378112
19732824
15712743
17428821
20283941
18709276
18450953
13957110
15991924
15328420
17890746
19312749
18642653
18453675
19646739
18663938
18948519
19525037
18082830
18671318
18930878
14653351
16592089
14468154
15240624
19278369
15047710
15572230
14174685
19812902
19799920
20473909
18680678
16804198
17427876
17350701
19648967
18348307
19303996
17916711
19198359
18761836
18763704
18898163
19648788
18584513
19022161
19125054
18293655
18853905
16349516
20144171
18536633
8703194
19147509
16276976
18748830
19279809
17575814
18399293
19392557
15867048
19579780
20538259
20035518
19317092
15093902
19291509
19336712
19128136
19675899
19024231
19366276
19693652
19740970
16575417
19805387
20249898
20495058
19222547
19783652
15957903
17192818
20192298
20214776
20485181
19686925
16236342
16882498
19516645
19706229
19827752
16019059
20211671
20193176
20499333
20919274
19511605
16232989
17320191
19461047
18168937
18675300
19214379
19215279
19201869
20470354
15690265
19515159
19212714
19314707
19848453
16415622
15865631
17547261
20956917
19796522
15567911
20195336
20698031
18612120
17614986
15106165
15723385
19143932
19440797
18356992
13916025
19865575
19500130
19306809
18278265
15901744
15738056
17640727
15950546
18408967
19208214
19322694
17719522
17525593
18882864
19066329
16140941
18333975
19621270
18798668
19963675
16577014
18717938
19080751
19120418
19667102
20301715
19856440
17566251
19861098
20320030
19951120
19799402
19281384
14978027
14201551
19434677
19132704
18009232
19738968
18728581
18163064
15112847
20409513
15403638
15160457
18505830
15722036
19594787
19662130
19625252
19509129
17419731
18886688
19845055
20834674
19745650
19719640
16725425
17018195
19352191
20119758
19791212
17651414
17508021
19965273
18362055
19829552
18482048
20475776
18021292
19287526
16213706
18962874
19694440
18891818
19484739
18709770
20414125
19364139
18925816
18796013
20101533
14702154
16498782
19613440
15642093
19571410
19521932
16529067
15762738
13760460
8387969
9476476
14891537
19337634
20875422
14409113
14691444
18209618
19179166
20219276
15379405
18465982
19792180
20026338
17072016
15350987
17434221
19340469
18682793
20188743
19279922
14905329
15218462
17222856
13793693
18653138
19030104
19095173
14358601
18359333
16981993
19196311
15898999
15374117
16679615
15678701
15638966
20231403
15551396
15561677
17516931
17510698
20195560
18153704
16940885
19828585
19242977
20605038
19155473
19976163
18939878
19753525
19315809
20069853
20797189
18250455
19936923
19651824
18502343
19806490
19896940
20152991
15770479
15932861
15888468
19842085
20523566
19370755
19201081
20776309
15835458
16417242
19982440
19735682
19625702
19854347
19107076
19293017
19827122
19781448
17025171
19552060
13356246
8450541
20186561
15935382
18162120
20202108
20289701
19610830
15871099
16906325
16152394
8519999
17076763
16357977
14216333
19676912
20072237
8507062
19507329
19572152
20010723
20170360
20575361
19245339
15729146
17386026
16335544
17153713
15196683
15031487
18474532
19535882
20543164
19502806
15447580
20120073
20368586
16757353
20133505
19440257
20641219
11256206
15800088
20602474
19271731
17949697
17085335
19216022
18931868
16719349
16778143
18520883
18827761
19139543
20329391
20450486
19420367
20364580
19457896
19318329
18562102
17609969
13405454
19577102
18165022
19588689
19785542
19527197
19383197
16273917
19996188
17963151
16558497
19586912
15620155
18723563
19263857
16812320
19013319
16616390
19754852
18260714
18027389
16585272
19745807
18955268
18176835
13724730
20143968
19879885
19692842
19874440
19935055
19163169
20975817
19814500
23283735
20270688
18018569
16127104
20578556
19225921
18287085
20134652
19060006
19492637
17854702
19364792
19742567
20043505
18548220
19654615
15745998
20213403
20108958
14180378
15949016
19898132
19105771
20428998
19469440
16455942
15976601
19787252
19313874
17593611
19030823
19139206
16768648
19177389
17871150
18508530
19713452
19642374
15388990
19613507
20307610
15261820
14125501
19078794
19741037
19963292
18934815
15588183
18038167
19669644
20201546
15179335
15259322
19658147
16732422
19408509
20107788
16683485
15937924
20649094
19659969
13787865
10938820
17387240
18594075
17522804
15062245
17338551
16317544
13550669
14329194
19953505
20887279
14432401
20308263
15533102
19806130
17653484
20153328
18558976
16052426
20139333
20560759
20098022
16890372
18268297
19775800
20230143
19908280
19381037
19423336
19996547
17019118
17697809
20325116
18505583
16517434
20079933
19484109
19501456
19866768
13054454
15926493
17994719
18285757
19960188
16743650
19702405
17522623
15547751
17277891
20245106
15234258
19166949
20854541
19098909
20633591
18709973
18390630
19866475
20157467
19629820
19566010
19365647
15439322
20231043
19444329
16298891
17097868
15052187
15883091
16830995
16547652
18502163
19754335
15035244
19774787
19647842
19665842
18640898
15622383
14887014
14906095
15985624
16238231
19933097
19725242
15422313
20261080
16624332
20374525
20067513
20126666
17086866
19692708
19783989
20491121
15749193
18002977
18535192
19633330
19262708
20344623
15561025
15842748
17710296
17569626
15105422
19149759
18693031
19488114
19152504
15290102
18844703
20221435
15410590
19732307
17346179
14556376
15982362
18890289
14916017
21350218
16041198
17160058
18380482
15831521
18649515
16699257
19905040
18967081
14300821
20091700
19499275
20054620
14452989
16651377
20248526
16429616
18968746
19423157
19448064
13352534
17220718
20044878
20458316
15776306
15681491
18856786
20156522
20535536
19872888
18436665
19357592
19234809
18754185
18302880
17593049
9862014
20188698
12321493
20268393
18164752
19496912
18997524
17421171
18323737
18133905
14574061
16733165
16205584
19503639
18997816
20111973
14345371
20815842
19994748
20102860
20288891
19542496
15653073
8785792
16608177
11470226
14808669
17836904
20559656
20302165
15188515
20309569
16966220
15841601
19159929
19711315
20045485
19601964
17899072
16872642
19193454
10289986
15925413
19787613
20996831
20479624
19822082
20931401
19834300
19817537
15022307
19004746
14391698
15303355
13659974
8631374
21312283
19735278
19671625
20997889
20512879
19246127
20099238
14871129
19460664
19547762
20473008
20381118
19392939
16894580
14657581
8732692
11697319
20788256
19826875
19703327
20044203
17103201
15903521
8775757
15272305
19849285
20466573
20829657
14774694
15742218
19061513
18581183
19942683
21393327
19490320
15995861
19317429
19148318
19592424
19202409
20329863
20352476
18166012
19379237
14791839
18912451
17613929
8692822
19733567
19724725
19510187
19491916
20257323
17451253
14528657
16119994
14801829
19598860
17636631
18033734
20502124
19342876
15246745
19614812
19499747
16139547
19317384
18281955
20123830
20410211
18280875
18073942
19634544
19054584
20123380
16951707
19616410
19040589
18218077
15521246
19296167
19785858
20088820
20385528
20207913
21307040
19398856
18796553
19900180
8365154
18195218
19619492
8632184
20377901
15458132
20743684
19820013
18335618
20347346
16671964
12116585
16757150
18009479
14948102
20420201
14289166
16150414
20620114
14443584
16581200
16659702
15872156
19827685
20219186
20133258
19999271
19307011
19461767
19723105
18282045
14832767
20246951
14148203
18915286
19411187
19714982
20900711
15780851
16234092
15506238
17736171
19185354
21066807
21070834
16025247
20494496
15168737
20275143
15991744
20427041
20144845
17494543
19629190
20371151
15514495
19882112
20008180
18419610
17422206
16874015
20543884
15440583
20232460
15868601
19379101
20789472
20082791
17917229
20050053
19568912
20700934
20037655
20553198
16879820
20431630
15669048
19338692
18137167
14010368
14474589
20538731
20559431
19703327
8692754
19494684
14613414
19220273
19146092
19989708
20167683
19641250
19903870
15981169
20154431
19307777
20768322
19879075
18855976
16326297
19741353
18967374
19232964
20297666
15725658
19384007
16783407
18545903
15036414
16905560
19070086
15455118
19964282
19095623
18380348
19848700
20480636
18312914
18970974
19844627
15999641
21099320
14766549
20234440
19344857
14917435
19415012
16233416
14373091
19865260
17162735
15408475
19483277
18659798
20210703
8548236
16661727
18987961
15929823
16125146
19314436
18383790
19580612
17936062
16994908
18016815
15960986
8597489
8782034
10573847
17100995
15356838
15124862
19593482
15770433
16590965
16313225
16452140
17759549
20069920
19726750
18893259
15663401
19059578
19833917
20583191
18982808
15711056
19225832
20070730
20654561
19622215
18217560
19021891
15904106
19171066
20395766
19273733
19137024
19355049
20324508
20194301
19447569
15358885
12602968
16158132
17137760
18873503
15748518
19556469
14378536
17330068
16059897
14458703
19843570
18324570
18603705
16080574
19950557
16971575
18964471
16023018
18896746
20938422
16853990
16600572
19565514
19957960
19976117
18569370
17591271
18918279
14783897
17028838
19047946
20131413
19877252
16514375
13752157
18262874
19827685
16725222
19107954
20207643
20993591
20372366
16179664
17483699
17185618
19515970
18755558
13581990
15430547
17894706
20767781
20026405
15706848
14435776
16247794
16802712
21063072
20287429
15968006
19154372
19124176
19024456
18157799
19338827
19390306
20351283
15400691
19025784
18742238
17929649
15152087
18565455
20272578
19618502
18551550
20611766
19250244
20520934
20109588
20050030
19563332
19355274
17209828
19772875
20097326
19532755
18900953
16217216
20079370
19455512
19360359
14922520
15892361
20260945
20108463
19644108
19598567
18190514
19003891
19421852
18472508
20330268
17227783
20479309
18142410
15610480
20607941
19758520
19373341
20369485
18154987
18454800
19134256
17717317
19475042
19242999
15381701
20300995
19123411
17502306
14885912
18177037
18779318
16859930
19258007
18958396
16169854
15027122
19272429
19998302
21249170
16046194
19603404
17194776
19867982
20371826
13730288
19406686
17545394
18997996
15688398
19449820
15086050
20679131
20822569
15908539
18191617
20989947
17302146
17316568
14690026
19810135
19092339
15832533
16252587
15645783
19695295
21002524
20305361
18409328
19444015
21915801
19824129
18839641
16900071
19180066
17664532
19381014
15577900
18444045
21555958
18846998
19217552
8724771
14654409
16352464
20221796
17189083
20443286
17329416
19273104
18804136
14416223
18130103
19842468
19878332
17074175
16582348
16746395
17959192
20748139
16175838
9419551
19439626
15713395
20477869
15305763
17101356
16710979
15700908
15804386
17042788
20091926
17394284
18988388
18901448
16691472
15980066
19267568
20927937
16936835
17431476
17117443
19918923
14566299
15378617
18985441
15718368
19893767
21360522
10223274
20190183
20816517
21143307
19640912
20428031
20059210
18197243
16371949
20130558
20535716
18467310
19226753
20593879
17549781
19734512
20430393
19569407
15759994
18599521
17887507
19868005
19846045
20101128
20963059
18580350
20217363
16853967
18651968
18755356
19802800
20525996
15154180
19699209
19487192
20533601
20092083
19473535
16575867
8066826
9064995
16390467
18598013
19928418
16780865
15142614
19261583
18302789
20760919
20756239
21028669
20583213
18653228
16008619
19331447
20109790
19730439
18443955
14972041
16791980
15370428
16781405
20211018
19071301
19259852
20514611
18367320
20490199
19728865
19432225
20303538
19995557
15852243
19383579
13956120
18552698
16076411
8404551
16333182
18967621
18689498
17271434
18971671
17742629
17423083
21319843
18315795
15411153
15714161
19980528
19277581
20317601
17476139
19533137
18256192
18232185
20399163
19873383
19331492
19062999
16115719
15327633
20465066
20334678
19890235
15236732
14637106
16553457
15233649
15140748
18675751
20736034
19757259
18319417
15338792
19486449
18333818
18858248
19227023
8794769
19758632
19147103
18872985
14363191
20580648
19546952
15421616
17152341
19031251
18006351
18336405
18314039
19023961
20662076
15383185
19928980
17333286
17399796
19961785
19115852
20007123
16140401
14093146
17727599
19565447
18521063
16539057
20946274
20588703
19232919
19941737
19647977
19788827
8886479
15882078
18774593
14203081
17689079
15856969
17100568
20550273
18052589
17364044
20898620
19910530
20273298
19009696
20293751
14564162
16964960
17093323
21219200
17843496
20007933
19385109
19256094
19406551
17328065
19394537
16300759
14225378
18979411
19250896
18046245
20178280
19979200
18161647
21569075
19870030
20322055
17069990
17699677
17133148
19454454
18168105
19620257
18579022
13289601
16689448
14875674
13866165
15717761
15943571
9928591
13861035
10178679
19335586
19204141
16736427
18979703
19616162
19460124
18297188
19110856
14826961
15073787
19127146
19045808
18982606
17455056
19648382
18795721
13980735
20257413
21297162
16784668
20119488
15585123
15390228
19420479
17779416
18561315
19712417
19630022
20193333
19702944
17313553
17718014
16475089
19077106
15975588
15793901
17789316
17325253
14742789
19680669
20693869
17791206
18646140
19769364
19132276
19213367
8999272
19861098
18818244
16638868
19574987
18043117
17790194
15398868
15829338
16776950
19881100
16345602
18717421
19919417
19404190
21839998
19588915
19339839
19745133
15333235
15166622
19690300
21157932
19292409
19844988
15874068
16613982
20342599
17667524
20467384
18829763
20028453
20000553
15859353
19342360
16551409
19846990
20279890
20213763
16124021
16978978
20232303
20001543
19189359
18218887
19958837
15153257
19907470
15226855
17083176
19358896
15969671
13862498
15363295
19471194
19181957
19407069
19628064
18741248
19972945
20286303
19649552
18506348
18306908
17449251
19568507
20342463
15538300
15306258
15837956
11052176
14847099
19608647
20165005
19563084
14273910
11110361
19456007
18146662
19558629
15189685
19879817
13888507
17872454
16166434
18209708
20221683
18954864
19353654
18680633
20368293
18988636
20226363
19111509
19968131
20014301
19377797
19737820
19718987
19146834
17541568
18493680
19180471
19973305
19421402
19438659
20076827
18576728
19617287
19140872
18690443
19586687
19933772
15694360
19196851
19920408
17062250
16748532
19543330
16821568
20201770
19230737
16022276
19382589
18436935
19731137
20516928
18797116
18500272
19407564
19217551
18549008
17278611
21093132
15373195
15604563
14394241
17869641
18241500
16283119
19637110
18719896
18754995
15650103
20252396
19367537
17998679
16766015
19938790
20417006
20240088
12038284
16116281
15884260
17447181
17396218
15911869
18755108
14314793
19225898
20585757
19558314
15490983
18904530
18928471
15568180
19871447
19789435
20064452
21990141
20580851
20500841
20510381
19972787
19768960
17692049
20318298
17531893
18764626
20314113
18070769
18491566
19546367
18896949
19407766
20879201
19757328
20005300
20195628
17896237
14981807
10535754
19170391
19324606
15191799
16509942
18887656
14892594
20367326
15152807
20174118
20171981
18545250
17603939
16333159
18628343
20003771
15379563
17570436
15093744
17160351
8517254
16238817
20322416
8791282
17676771
17908297
19889290
18990571
19692572
20688896
17902514
15449088
15390836
16213031
19504202
17692229
21202369
20173938
19719324
14758202
19871290
20025528
16001554
20273051
15994242
17608394
20153305
19683234
18508890
19464939
18197805
19648787
19491422
19389834
20308106
18796193
19893903
18949778
18883381
18876766
20892206
20427513
19135359
21194765
15208180
20679491
20788616
15673503
13085324
19620549
20774059
16294977
20005818
19377392
15599523
20663494
20955027
20363006
17799464
19457154
18621661
19697815
19326407
19561757
19610087
17600789
15354182
18893708
18913891
16987505
20611473
15873529
20685409
19334912
21106137
18605663
17099286
19586867
16299161
17754172
19693225
19631687
16087504
18389730
17229875
14598968
18291675
14933365
19156621
19010394
17378308
19983025
19793935
19102508
20426141
19889515
16442037
18412298
20253026
18517643
15599163
18007230
15288010
15381970
19006096
18297593
15453160
15169300
17899431
20208858
18328373
17672361
20063057
15874811
19921757
19839812
19722902
19552352
18227505
18931396
20644054
20466731
19909585
17579346
15742758
16873183
19986085
10175214
15946136
15639303
18606360
16884117
19734512
16123819
19803205
19152931
19195299
19379912
18215557
15275208
15998808
17341251
17243465
15106997
18748066
14910189
19818347
17706292
18111742
16559554
17915834
12102387
20425038
18030832
19579397
21490955
20501808
17687571
21449982
20572796
16161124
19103724
16011701
21143645
19238116
18345135
18514290
20754889
16381512
21117815
20126237
20379566
20485901
15672940
17194888
18894316
14770487
19705555
18873908
18363158
16425522
20984367
19755527
21364842
19498464
19659790
19961717
20982994
20029060
20075410
21509135
17348294
16636279
21243185
20451768
20045260
19658125
20260631
20446818
18286208
21060034
14339409
16245589
19872955
14775504
17628171
17222248
20292311
15457210
20982859
20111298
20011420
18898591
20824122
16489220
16874757
20407961
13686097
19123164
19461856
20265288
18090390
20974805
20387621
20419998
20411965
16460015
20056511
16845395
19007626
20886176
20006807
19233211
18717893
19338647
16497949
17911650
17901817
16323709
15313480
15831003
20546044
15920936
15537468
19628942
20164060
21311788
21018274
20075658
21712063
17810737
18772568
20491571
14757684
12583235
8866972
19639517
21147919
19190957
18568785
20033852
16025426
18430703
20784229
16859885
17179948
9575565
20632736
15526668
19308587
20760897
20281623
20820701
21814820
19038203
19145596
14923869
18727275
13727385
19600952
18094912
20086840
20130828
20378508
19700245
17627182
15788095
20672404
19041736
20437436
19336126
20960314
19632339
16593957
19867690
14433166
21712693
19760230
20729419
19419354
19433709
19681458
20828194
18005159
20750907
19168209
19672142
19975937
17690136
19526747
20230975
15279055
15707906
19921735
17468601
20829679
21259812
19239422
14471708
19948015
21631986
19993690
19232446
20029487
19318329
19643928
16110881
16565539
20556168
20469746
18913621
18842858
19746032
19539280
20327951
19965610
20826709
15727256
18141397
19945810
20134225
16562569
20685813
21098060
14975529
19981405
19989730
20238918
19480172
20126755
16910758
19031566
21217310
19180899
16088247
18332872
16517322
16315835
18850981
18592951
19409094
18124252
19876510
14964504
16978257
20348876
22170366
17678257
18108480
15524013
19035099
18998333
16878200
14808647
20224586
19863055
17853621
19476684
18763591
21297433
18237067
20271364
20175378
17075547
20114875
16115561
19841118
21165447
21429440
19291914
16711317
18148282
16137071
20446076
20844102
19873495
19688410
21429080
17262253
19924458
21103279
18445732
19970200
17288826
21039087
21006034
20081372
15561611
17547283
15972259
16983815
8728395
19219261
18691388
17831842
19628515
16176244
19328319
16210534
19356084
19849127
22284126
18022462
20039343
18002099
15472038
20693261
19149556
19838665
20300501
19546952
20384718
16836530
16938972
20010295
20015267
20458855
19964395
14741101
18946763
15865676
20861877
16347806
9839513
18494805
17983447
15736975
17789136
16047093
19950288
15343450
19079041
16075533
19071909
18911888
16996145
17380063
16024099
15498408
9056737
19755190
19380047
17509731
20135171
15920936
15478698
21018657
17179498
16925855
20334633
20401143
17371963
17919636
17995417
19952200
16006931
18938168
16157637
13625212
18535192
20631454
20027035
19771727
15071155
20173915
19069523
20090778
15352473
17793974
20418063
19427252
19776857
19523305
16209094
19500939
15696813
20033583
19161233
19535949
20389646
20563166
14395748
18160095
19504944
19152144
18952838
19732285
19089932
19564209
16213616
19231187
21252747
15919001
17625291
15963461
17668806
19492007
20624277
19819405
21052451
19788220
19908460
15975678
12580153
19232851
19459382
17416716
19160739
19182046
19823185
19939578
17649591
20630464
19320624
14820841
14003326
20422158
20815909
15159084
20634176
19941063
17507053
13383089
8896560
20557046
20120815
15694248
14707509
19577845
20157895
20274108
8402594
19031004
20369891
20853979
20740759
14541684
15794914
20037340
19707670
20670919
19760005
20136543
21138987
17718554
20193648
13826790
16767275
20245488
18778395
20347256
19700829
15642206
16047634
20497129
19020316
21195192
16668432
13664632
19695992
19020024
18705923
20190071
21549703
14491194
22542675
19185174
20084163
20353849
20029825
20152563
16638237
21615290
14619782
17802052
15660791
15616803
19606960
14706631
20741029
21673026
18051577
20309456
18106410
20872519
21256977
20549959
16402504
15486302
17947897
20417928
19790132
19920138
18261480
18606653
14984687
19574312
16852167
20368586
16755170
18607306
19788242
14251681
16176177
19028371
19832657
19018111
19619357
16782485
16931593
17040853
15928946
19957758
15713194
19255599
19599039
18909144
15075362
21146480
19764145
18738143
17458386
15711056
18301597
17746926
15113185
16565404
16715637
18970771
15508668
18094665
16933798
19866002
17365686
15616578
15957791
18628546
19742185
15990888
19905333
19808762
17441533
15996897
17268734
18926491
20345276
18426338
20339831
19534667
19334349
18564353
19985275
19429367
19684427
16533229
15453745
20991545
15924986
15626343
17295373
18230070
16577712
20559611
18946583
17617731
18599813
20039073
21529700
19941557
20107428
19653894
20488196
19307956
20541206
19894578
19210037
20135418
20291366
19395797
18981346
19576967
19723240
19556042
19272069
18581813
20804299
17539048
19584730
20093208
18412770
16175141
15332740
8888437
16155274
19095219
20923752
15895871
20302121
20264973
20054575
18087915
19914243
19948713
19419062
20099620
19092991
19813442
19331716
19825322
16307396
14286556
20027756
19943785
19930465
15049172
18160027
18058327
19327936
18097252
19130567
15642161
20066815
19110901
19867937
19579307
16458844
19380271
15692651
16219534
20267650
19427522
16166591
17831077
18099615
20992445
19096051
16713410
18386333
16772248
18941633
19634139
19724005
19249412
16483324
19779107
19904410
13907047
19423652
16225271
19515677
17266438
19015411
14939282
16307532
16030624
17696728
18681195
20231920
19558517
14692996
16610405
18959970
16775802
18304748
15092440
15293072
15159040
18963526
14134590
17648826
19866520
20399433
14212846
15550293
18061657
20552298
20668894
17996182
11132051
16905942
10699082
20411156
19970290
19515991
19071976
16077828
15685518
19387899
15343473
17326716
19645749
19133267
14288424
9269003
17978834
17004853
16613667
15717108
18130890
20778558
19489622
17068280
20995010
19447435
19298506
19714284
18658358
19770197
19275444
20121311
19142581
15842365
19017616
18939249
20024448
19332144
16763089
16266086
19819697
18349950
19911902
19846360
20120883
15139734
8850255
14749539
18509362
20040265
20303965
19727154
19643905
19228666
18016500
19764572
16958435
17310966
19701077
19300892
20489996
19401355
12329120
15617861
19762637
20106775
14954447
15231287
20033290
18757403
19730620
20431361
16982353
19208753
17145636
16321459
14578652
17634943
14829324
19960525
19713722
20039410
16854012
19995422
19595507
16797380
17427089
19590130
19085566
19459719
19733094
18837210
19456479
14481429
18780893
17989252
18908671
18745681
17784322
15986051
14979490
17959080
14715496
15612482
19930105
19568912
18006982
20249403
19551047
18753691
15520323
17252489
18991516
19443182
17462031
15027235
15964473
19776340
19979583
20370003
19189268
18549255
19529155
19611662
16356492
18931463
19804915
19550777
19656549
17432916
20409873
19877995
17315263
18632146
19948082
19785677
20384898
19329827
19578835
19524407
19061626
18760891
19321164
17800612
17961824
17894122
16574022
19221557
15213625
19200631
18507541
15706151
16080079
19600412
19915548
18747909
20252260
20564314
20372298
19974206
19869985
17216376
19162606
19940185
19435059
17436043
19801383
20525456
20413383
20001115
14242928
20558059
19287864
14960364
19053998
19853177
18104565
20032818
20476248
21267529
15271180
20227533
19334821
15635320
18977476
18317167
19531337
15484570
14284981
16350461
19681390
19782910
19140781
20012612
20507681
19559642
18241410
20746879
19884858
18290483
19301679
15473230
20567306
23294581
20289970
19370012
20473683
19618232
18679373
19690817
15336138
13994437
14202788
14067833
14100683
14425673
17449296
19301297
19894307
19474255
19901665
19506497
19787365
14588304
15226539
17396804
19320534
18147157
19339569
18369975
19452519
19906255
17649479
14887914
17062925
16016944
18070612
19811484
19609907
18489472
16410267
14853714
17577231
19173721
17999309
20406858
15721338
15827944
19611280
19289124
19084262
20137916
18349162
17324488
19422549
18180413
18015735
15717895
15932861
19678082
19434655
20279418
14346451
17676141
18464655
19101677
18838899
20484258
19376897
19877342
19973035
20438606
17984774
19738023
20406116
20006560
14549288
15182957
20190880
20308893
8524792
9981152
15367750
18448972
16162924
20684981
20264051
19470204
20028520
19906953
20013760
18127537
20114516
19458977
20354230
20006695
18884956
16668162
16259877
19235237
18198637
20877425
20295371
17649074
19649574
20572707
14335898
13686840
16011071
18711211
17981107
18572768
19134459
20120770
19792810
17435256
19332594
20002330
17139560
19783157
18469110
16386575
20821084
19298799
17667051
19184161
15930634
14900019
11943604
16815650
20873576
19174823
14352931
15119170
17065738
20125271
20006178
20378216
18845941
19816480
18399045
20376820
19188301
15994624
15836921
20451949
19600479
16480557
19611234
15335418
8224978
15525452
20078988
15932704
19857767
20253655
16471129
8449867
11253416
20463603
18668618
15153752
20325746
19907155
16913750
19498554
17543031
19487686
20032908
19941243
19811507
18680385
19678330
19477786
19471892
20392885
18020797
20044338
16947478
19350662
17093480
19352709
20018935
15227395
20623893
19830992
18644431
19320039
16522227
19461407
18380595
17787494
19702945
18663870
20733109
20939817
20413766
18341062
20381726
19977692
18901583
20113120
19835312
16353431
18748223
19355544
20081508
20707212
20416330
18980941
19294501
19672480
15577990
15478001
16013726
18688396
18418373
16904706
19541282
15764875
13860675
19680985
12252260
8813017
17181748
16705085
15039204
16027519
16508727
15945416
16494551
21025834
15577721
15958691
19479249
20819532
19460664
20133528
17402024
16281364
17793772
19809257
19651825
20485316
16124764
19736335
19954788
20141111
20242270
19433169
15881426
20005930
18007927
19990000
20713871
19542205
19903217
19144606
15286660
16739870
19401760
19498870
17848941
18156270
19557707
15682503
19583784
20418851
19328837
16775983
16728215
16719147
20002105
19378359
18968206
19666494
19793620
15565210
14712954
20089698
20220581
19345824
19576540
18971581
19213996
19495652
19655762
20508288
20598311
19829102
9094560
20079640
8502426
19817155
19547267
20040671
19966600
19908438
19701257
18810706
9814516
8544231
17582091
20334116
19754087
20183613
20969156
21966988
20157378
20006267
19979830
16849287
20307970
8861190
17091590
17257866
20584451
19080751
18436688
19315854
19777735
20200691
17507121
16644042
20235251
20608864
14140486
17949337
18162435
19932333
18870376
16871338
18008647
16176581
18888533
18949126
20066073
19999585
20819104
18064087
18935019
19874980
20256626
19339659
15574458
18352245
20343049
20514589
17090533
20157175
15099077
18776416
20360261
19635669
20179743
16661728
19812003
19383331
20428976
16974793
20853484
19155789
17925149
20158165
18160972
21580438
11586012
16983613
19891990
18341647
14173359
21275495
17472786
20219006
17737206
18666053
20524601
20712004
15670488
17714526
19771007
20505836
19410399
20143968
15925346
19837224
14248733
19314887
19900337
20025302
19895455
19971955
17838772
17064006
18639368
21181377
19247004
18716340
16455244
17044790
19155519
19465389
19709245
16994840
15983891
16782800
19671760
18885788
20708224
18039517
19858712
20344421
20171395
20606704
15720078
17622029
17092198
18560821
20951607
17414128
19909045
16802712
15350875
16019059
19309891
17194303
20401210
18993586
17478389
18158633
19095556
20123111
17865187
20035562
17648331
20520911
18680003
20265468
20106776
15535353
15901383
15914164
19750960
18903788
8590177
14819694
15974553
15360865
16682742
19683617
20431226
19656437
20126216
16145869
16590897
17050618
19796702
19031003
19185354
20177111
19308204
17476026
19644197
19322986
18821663
19504787
20175602
15085578
15678408
15641958
15765415
8891497
17817869
16465459
14630694
16336130
19561420
19428444
19855383
15060782
16529562
17557342
19723374
19659069
19576855
20236083
19627727
17639152
20334453
18003764
19360854
19895995
20360936
18225322
20173128
15543970
14181435
20936824
17706202
17847434
17337876
19713182
19660172
18272550
17159990
15001157
16166614
19903757
18485265
18172829
20164016
20254308
18825623
19655087
16473199
19051726
19725715
19976815
20188788
20789292
16301254
19884677
18174000
10500294
16683147
19569294
20227601
19546975
20808484
19381149
19458257
17803424
19640102
18020662
18652755
19020136
19571387
17714257
19698849
19835875
20466326
20597501
20143923
21137390
19931995
19764887
17442388
14931182
18382553
19438435
19402659
15425035
17847389
21316625
19159366
19857385
19443879
20128173
19512302
19281811
15452035
17877786
20592731
19709807
19361484
15257635
18770003
19569069
16341844
18690691
18981076
16564415
17832089
19429974
19536895
19346162
17333578
19231906
14441491
14351761
15539853
15786026
19488587
16997675
19523665
20217048
17565486
18935739
19387224
14262480
14877970
16581379
14069745
19778994
19333877
17545708
15819820
15352225
19552239
19958927
18397492
19143616
18758978
19199282
18037987
20537359
19909990
15271765
17715494
19664717
18783143
18646860
19887175
17672924
16309804
17906812
19137204
20368879
15422110
17768279
19181169
19661748
19409612
18896206
15354475
16415667
20248683
19451079
15630078
17686784
19852524
19136979
19538829
19293331
17622006
20737069
18158542
13778595
15131027
20002735
15210564
15149612
18429600
18389685
8043358
16796323
17191041
18605101
16376405
15530696
16294032
16632342
19482535
18720818
19413145
15326350
20673461
18552518
17316388
16410942
19743602
14982639
19865530
18803955
18500475
18738796
16764687
17852991
15360168
15911666
14794539
15597498
20285718
21178070
8710327
9444188
16083476
17137400
15155845
8458664
20640207
15599613
18811313
15068657
16714265
18333614
18979614
19976072
19766935
14710007
17366586
19839025
20293660
19953820
19486809
19994973
19776295
19442980
19097064
19144066
18577403
19410107
19087816
20278001
16523014
18789150
18677438
18200910
18011505
16169719
14151983
15561093
20296968
19106311
14849799
17714999
21336740
20568408
14648648
14787609
16828722
15832331
18045907
17711039
18475973
19108134
20696816
19288606
19690593
19194444
20011083
19686924
19329039
19879862
16729745
16053213
19006996
19713205
16754585
18095745
16456752
20066455
20168312
18865808
19973485
18424763
19675472
15197987
16028689
14638794
19885825
19388394
19670275
17702669
18276195
19833085
18726691
19475807
19919260
19546637
20446953
19028911
19499634
15350065
19475222
14280458
18356385
19417802
18335504
19562589
15550203
18391823
15460765
17713919
19908483
20575991
20361251
20562153
19191766
19667484
18758933
16863530
18770768
19369606
20329031
19116954
19173991
19426554
19746707
19847395
20253701
19154934
15924738
15329838
19076251
18806049
18461910
17926274
19594225
18843736
19188189
16198159
16013299
13744845
16017124
17076380
20024200
22741709
18650933
19666337
19352641
18921856
18909683
19114141
19194984
21020772
19640800
16091577
17752349
15052997
18643216
19657360
15436375
18856876
18888285
17296565
17932551
19099066
18724643
18805148
19338736
16728012
17568389
20318906
19166566
17856322
17479153
21173952
18790591
20315688
19191902
15750183
17129300
19191744
20210006
18310822
19663795
20119600
14026410
13626225
18089355
19413099
19235552
18338925
18955741
15267153
19820710
16433441
14196646
14467118
19770647
15782178
20641399
19248219
18983371
18568223
19582929
19244507
16377845
18036975
14678394
19356827
8812746
15473388
17687099
19899640
15278357
21733596
8747655
20635099
20062968
19529311
19354352
16974298
19483119
20090755
20331439
20726741
19285592
20745124
19744862
19573030
19258119
20101825
19662445
19896738
20051425
20277888
21440532
19698490
20662189
21220775
19598387
19077646
14275238
17839874
19576832
20240089
19789930
19161391
20294470
16001104
18765638
19237419
19093171
20414801
18540166
17635506
15736211
16960528
19332842
15471116
14682219
20308556
18876654
20777501
19794250
16990678
21094189
14197546
19273014
15146575
20648643
16398387
19652837
18480856
20264793
15502368
15646773
18831068
16106922
20343476
19789052
17361118
20650556
16690325
20746947
20023795
19995018
17920155
18927616
16758477
20396779
19338759
19750419
14068126
15957499
16625840
18829268
19657292
19469057
19546119
16467597
15638830
18929416
19855090
17523546
14989052
19176083
21032471
15999213
20296135
19880897
19682267
15152177
20120006
19282734
19395189
18686663
19234179
19710550
16179214
18188894
17695176
18459075
16971687
19314662
15560642
19915458
21019445
14256180
19593190
19013296
9341160
16128679
18449265
19870030
17311415
20688041
20338436
18823396
19787005
19837022
19601875
20085265
15416328
19366636
19837855
19904545
19243854
14599599
19418566
19956228
20298678
21332307
15241413
19587587
18435563
19488497
19854415
20222830
14450829
17842934
19404437
20738418
20267920
19797040
15621236
19213748
17295980
20069425
17915744
14910436
15521245
17316028
21634641
20539068
16424127
20709731
20570523
20378284
17035723
16258639
18505538
21089285
15315460
19676642
15804948
13433759
15577630
17983987
16668657
20068525
16500852
18199897
20710137
19934177
20127858
19062683
19235822
17385170
19104511
19286221
19449189
20040333
17109838
20348043
21354065
18976464
19361732
17293258
18341355
16381197
16373209
14587359
21118804
19540292
19190213
19525779
18237315
19389564
21238595
18967171
20474988
16027046
19784799
17055433
16526570
13743675
20970349
15303714
16692440
20855419
19037236
20972667
19531359
17705032
19676912
21682273
20184063
20293796
19984488
17303811
20237613
20152046
15231107
19825300
20136183
20760199
20553514
21194742
16252294
18442358
17866199
19246014
21966628
18500228
19824512
19308001
19440256
17334321
17511396
8756227
15201048
17778966
16460779
18997816
20392526
20298521
14751092
19028213
18884641
20002330
19483906
19587227
16660039
16935733
19107796
19540629
15936978
15133435
17431746
14769834
20765779
19592019
20448484
20839241
20011398
17332409
17434986
15326125
20823019
15585146
20116766
16325824
13885696
20062360
20400019
18425280
19760905
19303097
11864179
15244833
19628605
15324100
19388079
20926924
17262478
8552242
14849844
8201555
18732428
20093050
19840555
19889942
17476206
8758724
21174717
17609294
19658979
19652882
16040951
9246008
20298656
11844334
16432496
15452418
19264418
18338362
19439649
16626897
20090732
16750579
19470970
21318087
18704213
19211836
17637397
16463412
18215647
19716603
18722124
16986650
20086615
20546111
15276738
18728535
19712057
20667544
19953572
18173955
14914982
19582480
18528037
18964426
19424664
20051942
15326980
16822310
14295398
14039393
15945214
13903087
20372320
20183950
19987525
18622200
15441730
18221069
15534588
18902843
20388925
19511221
16959830
19185039
19351201
18979298
20886919
19547875
18339262
19126314
15279977
19156981
18726038
18297300
19738157
16311086
19238544
15521515
14237168
14981672
14328676
14085203
13388917
14481586
20277528
19288966
8656686
9494993
14762769
19564682
19727897
19533947
17092580
18045862
19048441
17977979
20126846
19853853
17887867
21367385
19395775
19890437
19095151
19287527
16338514
20917429
19083362
18465465
20909464
17870699
19780479
15949804
19971820
19046484
18282787
19022274
17447743
19983790
19348051
15058060
19606330
18571665
15853571
17332498
19927135
15665493
20132020
16497949
18614213
18989604
19409027
16941155
19543645
19784957
20105606
15372295
19715297
20184693
19286761
20479939
20351283
19712575
19462464
8841097
17569491
19158533
19839857
18405053
19790763
21234500
19338871
19809910
19694845
19899910
15459483
19536085
16731860
19952132
14987904
19838102
20401976
18146707
19414719
17994134
15370405
17774376
18691590
19831982
14663657
20265581
16296124
18901089
19633532
18869949
17405308
19960772
18402352
19641474
19890775
18925231
19420884
17790442
14612873
19607724
20002645
18519960
18788746
19292926
18859598
18984091
19956903
19967972
20157760
20868109
15722643
19779219
14785112
12987606
17693332
19167849
20036620
20678591
19514935
18569550
13915192
15751489
17998567
20000822
16948175
19936653
19010731
20219635
15719583
15746583
18901178
18214724
18758911
18758123
19364746
20547416
20017742
19527827
19459044
16217329
20451566
17317288
17918377
20781214
19360224
17121831
17673756
19792337
19960570
19066689
18649988
19911588
17837242
19415686
20238266
18396975
17330811
20079933
20133303
19348367
19170346
18952996
19304132
21255875
19538987
19961988
19894915
19067251
20053450
21134285
14489979
21290142
20975794
18689858
18657233
15574571
16758613
20259550
19915300
21988048
20291253
16323980
20298251
20574033
20235363
15088974
17208276
15339828
18914318
20223686
17987407
20079482
19560159
19795330
19345914
21155660
20615546
19298934
17118298
19204074
19303772
20984322
19276456
18126412
19156554
18896746
20204808
17649636
17859899
16415015
19080729
18679260
19683190
14581239
15079660
20299870
19682109
19081966
20593631
20072958
16327129
19844358
15843423
18063885
18671610
20565191
19611999
14164988
16639452
15788456
16531339
16072811
20681584
19245069
17027015
19267862
20459104
15656358
19560587
8520359
21638353
17727419
20708921
19317406
19791167
20535874
21105642
15873123
20034460
19832208
20096425
21240169
19809280
19458999
18187230
20460228
20095390
18515235
18605573
16575305
22457422
19926235
20681562
19343214
19875700
19492749
18232185
20314023
19876713
19202476
20929984
16260147
16138196
18861105
19958477
18968049
20846892
19616274
15704351
19371294
20706177
16942775
20485586
20922919
20913176
16218431
18524978
19469282
19946283
20872452
19272519
13350802
18944963
19468022
19522427
19394334
16234362
15765686
17654248
19546772
18723450
16809215
14834814
15933581
20276448
20527458
16519437
19281114
18111697
19312704
19578069
18709928
19422617
20062720
18967239
20531959
17634156
17885662
20164488
20083015
19846405
19063696
16511247
19788647
19291307
19628290
20195156
16749680
17633818
17203056
15273475
17792781
16313044
19671062
19555817
19708727
19131197
20265468
18730200
15625668
19038676
16911478
13883130
19510569
19089886
15045640
19874350
20022985
15791966
20131615
18666053
19333112
19759240
19167218
17937614
17137581
15702034
20315463
19572647
19809595
14884944
17895697
17746792
9977867
17458768
14686809
17956920
16256615
18655726
20719181
20654178
14795215
21582260
19715769
20929715
19485662
19327509
19525870
19267951
20265130
19456120
20364153
19075846
19592244
20066343
11240299
18518183
17142215
18893461
17587873
20092398
18603075
20771921
17151643
19844470
19988380
18472238
19080617
17269611
10506324
20190385
18775448
20018553
19649304
14126986
17195473
19417555
19935437
18329048
18249825
16964285
19561172
20309748
17449521
19693180
19931500
19512031
19294164
19774315
19940072
14842622
17834317
13309987
14244323
18998423
19812138
20207531
19906232
19128677
17736194
16330932
14084303
15347275
20465786
20018238
19663975
19728617
19659632
19353249
15392365
18707318
14942274
19277379
19917865
17524738
19768847
19839812
16998620
18846616
19922388
19312997
19656212
19604125
19113421
16699684
20757904
19688972
20092150
19715455
20309096
17141405
19237171
19715454
20330539
20268101
20058422
18167497
15504393
19676778
17225713
19302939
18492420
14278073
17942361
18502815
17621219
20104300
18884371
19217282
19412897
18145042
19733973
19979673
18036704
18302767
19865958
19308384
18379965
16757960
18112687
20582808
20657734
20588456
20037791
20431721
8464559
19664537
17654383
19968558
20159447
19546007
19960030
15629808
15068815
17858122
19956858
20460633
20165320
14841722
20411044
16397779
19370034
16936092
18791536
19075847
20086930
15965081
15052074
19691605
15482815
18254865
14843185
19581400
19175229
19469619
18227348
14956562
14446531
15917336
21391325
19426690
15549280
17983334
19346567
16363130
19377482
19064596
19454882
15662366
20179765
19409117
18229103
15496450
19989010
20245196
16795085
15719493
19492861
18453698
19084014
19524294
20315733
14671082
17776964
20129343
20463266
15790796
14281988
19035234
20616627
16320874
16236162
15372655
15519828
15844570
17879924
19168163
17132472
14855402
14643136
18132149
17644438
19258547
15721968
20921299
19582434
18490282
20730342
20576352
19113466
19589004
17515401
17955525
16490322
17547126
20111343
20666982
20577723
15543093
15050117
18313680
20248818
18617453
15359582
15830643
15257477
18507855
20422316
19874890
18161107
21644023
19565829
15093227
18281100
15557741
18510353
19956565
18970389
15122185
19896940
19184049
19758138
19964778
19727919
19847327
20626572
20663898
20247963
15755426
14709624
18684481
20313371
15390790
15755021
16761312
19533564
16077019
19142626
19034356
17401124
11429411
19671940
16515791
20307903
16891228
20217430
20327883
18892696
18968948
18333727
19982868
19060411
16429010
17455529
14101223
20025933
19607815
19182068
19059084
18398010
19475852
19277762
17307208
19823545
14736917
15231130
14583039
17400606
18872131
15230253
19565425
19393029
19564907
20189643
18970906
19405899
19366142
15704553
18451741
18563971
19871605
20088730
19716557
20059796
15305920
15586518
17938290
19011721
19970897
18926828
16654797
17513038
18750473
16370464
20490671
20356480
16277022
18182213
20655776
20573763
20224001
19885870
16377642
20887639
19858442
20489771
18850980
20465426
20077818
19906525
20113908
19842963
19196874
19544814
19818123
19900023
19991643
19170773
18221362
19998483
20689954
15621235
18702120
18724216
20077751
20881092
15010495
19717367
16007404
20382198
18695078
20029848
17782027
15761298
19218946
16038927
20503878
16496397
19529627
20266863
19030418
19732870
19579644
17925217
20556529
16556112
17736352
16616592
15417767
19331672
17038625
18462518
13363874
9011152
18614595
19461969
20149638
19650969
19477989
18934186
19575549
20398488
18321802
15975544
20660658
21566690
20511821
20221615
14947877
14647322
17917544
19356467
18874651
19026188
18341130
18268004
20710901
19011429
19757282
15266185
19800280
20258470
16781135
15245980
19922770
16899643
9321631
19458932
15823691
16958840
9304057
11461789
15319105
18718546
19614655
18555105
20129163
19183823
15947149
18152197
16529899
14702176
18211169
20275930
20346378
18954256
20408208
18763636
18933061
21020007
15522010
15687813
20077053
19391206
19444914
18473452
20960202
19668048
15405168
19047811
19415731
20080495
19787365
16817247
20496003
19708164
19709087
20062203
20057298
19547830
19912060
19330141
19383354
18704595
18753893
19394514
19010169
18403567
19183059
19941962
19384254
18111989
16539485
17791926
19640214
20779301
15919811
16402571
21161825
20094760
17856186
19704092
16898787
17370208
17040786
19901012
15078625
15962921
19360719
16225474
16569207
19541214
19719257
20048658
19147216
19427162
16257694
19506564
20725864
20462816
20038061
18181514
19244304
19566707
18296265
16769075
8672369
14903732
20116406
18673523
19749475
15521043
19503864
19723353
14554509
14657492
18127155
14949250
19962393
16544457
17814900
19442642
20544761
20003230
16289869
20068143
8905177
15581973
16699684
14942072
20842212
20333373
18634891
19524902
16057647
19819270
18048720
17752326
18875236
20244678
19676125
17045690
20177763
18687968
18583006
19229634
17573203
18133837
15465220
15625331
19538357
16301006
16579759
16551994
19105771
20232056
19010461
19251504
19249951
19730642
19461406
19718402
17375495
14796564
19341234
15621933
18626498
17365663
17601239
20057567
21452367
16584597
14086890
19996457
13304227
20170383
19010439
19222501
20201140
16168774
20419098
20024628
19489757
18390743
20154430
20250775
21343693
20072171
18803416
18869430
16315722
20086390
17274066
18592657
18756638
19715950
15464838
18325043
20533106
19552644
19027697
20139872
15320883
18755581
19040656
19872483
17571561
19151424
20495014
18994869
19250244
15947261
18809963
18681600
18294780
18269152
14135648
15600445
20700889
19161706
19936788
17590979
20392211
18778216
19757372
14381528
20253723
19533699
18793178
18279344
17692634
16192197
19111621
19700762
15437343
19387066
19731228
17995394
19370844
19845505
18956169
16094682
19436725
18948631
20023277
20578511
18220260
19587587
15000460
17024653
16613869
15092912
15488732
14593367
18610433
19610087
19719302
20865319
20377585
16232922
16318152
16443590
21623728
19427972
20741906
16242664
15279168
20561118
20042133
17681361
14449457
19117651
17835621
19143886
18513930
19046034
18784560
18755941
20044248
19996458
19295604
18584648
18240712
16545537
15573963
19817177
20337468
17035835
20180216
20209983
19827257
18763140
19369764
18096330
18325245
15819348
19311714
17236108
19822600
19254789
17912505
19153606
19058206
19612675
18412725
19542497
18815318
19259604
20558756
16120737
15422740
20286101
19037057
20931491
19107706
19164699
19809122
19236474
16515297
18885136
19648720
19042861
19644400
20047376
20163723
19424394
15967601
19265543
10107691
16773845
15522168
19059579
17153848
14421376
16793780
15991001
17919006
19058521
15477101
19204501
19086264
19616995
19252359
16160314
19931050
20243418
18946719
19730372
19235799
19881033
15708604
17149100
19030171
19897840
18904373
16497094
21014944
16062911
19907223
16474212
17072601
20234103
19971460
20533984
18626498
19992182
19096209
17007755
12645606
19104736
20123222
15887636
21344143
19023759
19561824
15564806
18678608
19197346
20311998
20103423
16143372
16647238
16632387
15606048
18618375
18976103
19687802
18951601
18088072
15773494
20261306
18942691
19292611
20356638
17265561
20163520
19195861
20349595
14902674
13385744
19738023
18930901
15779973
16269169
15000077
20750298
18734071
19896918
16552152
14831844
19286334
20479669
20141133
18827603
17714369
14916895
16246196
17624166
20448101
18952861
15885971
19072899
20563189
16088292
19682312
17509573
15108054
19877612
20283828
15469721
21069259
20256040
20033403
19734512
17384564
16034313
18717105
19876487
20561749
19968805
18916973
18773040
19741780
19834165
19672659
18370470
16356311
18303938
15112825
15690603
19196873
18651473
16117046
18097883
19871132
16401042
19149062
19041669
16404349
20906561
20346108
19794992
19613485
20098293
19331469
17680754
15257365
19234877
19288291
18690353
18336202
19985321
15729686
17323386
15584111
20233901
17568839
14942837
20802589
18753173
19239399
17727014
19220792
20878572
19199371
20141111
19891630
18935671
20410121
16615309
20067670
18218888
19110856
18327270
15861289
19971865
15271068
19961065
18844568
16277720
19758722
19655717
19592424
19640553
19217079
18590858
19958792
19337004
21063792
15241975
17599124
18610276
20040490
14252131
15703113
16559667
20113886
20314001
20047623
18501106
16437492
19815985
19519390
18088747
15698950
16119678
16227746
20763372
20015560
15677846
18444203
14375408
19263699
19878670
20003702
16311424
19565312
20687051
20557833
15820338
16593912
17726001
18576053
16224484
19894623
15301645
17362378
20423779
20366493
17094155
9074467
14064885
18004282
19739372
20256873
20150245
19438997
14993642
20521136
18244763
14618297
14606754
19813555
15066497
17230236
21137952
20349033
20315171
19144291
15810866
20473368
15601098
18247732
15611831
16297496
11065045
15013397
21091985
16852842
16831805
16166816
18041362
19050376
20692181
17329529
20429875
20591224
20297598
19747832
20670807
20120928
19234449
18414075
20370948
20531598
16302672
19320332
19648044
15524822
21530533
17781509
16850278
16884523
22410284
18478943
15666888
17905236
20287316
20463784
18683850
19810112
20304888
20752773
19847845
19509714
19969885
15068184
21224465
16256974
19524811
15344283
19105276
19240434
16890957
20046430
19961448
17832179
19680085
19908753
19678779
19948757
21192402
19007941
19417937
20225981
20792396
19749363
17341949
19686475
18301013
17957212
15505630
15426295
19180269
17988261
19140714
14209920
17483969
18320114
18289740
18131924
17540038
19469012
14863412
19760095
19883688
15480385
17965492
19740564
19865417
17475981
20163340
17477893
20175221
20099643
13586422
20527706
15411400
15794464
17508876
17425491
17787629
14825590
13978643
17960654
18897960
14814406
19427094
19502942
19594156
20515331
20026990
17380738
18528622
16452229
19446265
16836620
20123425
15074957
20004242
14791907
15531011
19782932
18528308
18706710
14164471
20440315
20011398
18828144
20170585
15536343
17974020
19588420
17471166
19474839
19476482
14952691
9886561
20467271
20421371
20330201
19771097
19933210
18949418
20262926
17509528
20281150
20125518
19619830
18208875
17219841
17118613
18852353
19364162
19156531
19461227
16533657
13434210
15651836
20384493
16948423
17278409
19970178
19263519
18374948
18725836
19327869
19106401
18365970
19906165
20765509
17611994
16140537
21373573
15334405
14148113
19749992
15713688
18733351
20519403
19707445
17921459
21031031
20290421
16313809
19623294
14958835
19724972
16698245
20594328
20463198
15275635
16001554
14050485
15785823
19929160
17154185
19320444
16404687
17293033
14826039
18241004
19177637
15233875
14636634
14481339
9095459
14383396
14698261
14829729
16691742
17636091
14971210
14067968
18544643
15546288
20082453
9432892
9235298
8963789
20014210
17150113
17187328
15034794
16189609
14883256
20433611
19331582
19571297
18691748
17465316
17341813
18255225
15329028
19182969
20250416
19698827
17522061
15509028
20563976
19618322
20445783
20261981
15303602
20055521
20116405
19958996
17408391
19860220
19365152
16501504
18550133
19830453
14881749
20696704
15921791
16586937
20143743
19133041
19050849
19195794
16559869
18963076
21870643
18929123
20037993
21006169
19692144
19373611
19145776
18904778
15041882
14165843
19119384
18011617
19481500
16880517
20057365
8478171
19554242
16155567
17321654
20819216
19864428
20644076
19424327
20276156
16230986
19789165
20248459
20871754
20197968
20459193
19748057
15738641
19154057
19883845
19470541
15778736
16012354
19680107
18537060
18543405
19294231
20648598
19852863
15824208
15649518
19766372
15157082
20022602
16957648
17138458
19654344
20010183
21286003
18898456
14885124
17411900
20204043
17203978
15842501
19552262
20419841
19846225
19623317
20097438
19839993
15154157
19194196
20165996
19753817
20407669
20264298
18623281
19602887
18041137
19725423
18840878
20513014
19471285
18511028
19112948
18685065
18316065
19374692
15680208
17613703
20184850
20422631
16364119
15325202
19910822
19543869
15544871
17204653
20304168
17084390
17439126
16265119
15621235
15084114
16568464
16415442
18773536
21419225
18780151
15606701
15266252
17323386
19877702
20250663
19110991
18024487
15689501
17168810
20225981
18657413
18079162
18593603
14325841
20305788
19163101
20901724
19913478
17269364
19726434
19828540
18782311
13981388
20029690
15397316
16240481
19657067
15132737
18973471
16862180
20231291
15443238
18618668
20081823
18227843
20547551
19904387
20550701
19214379
10252884
16156174
16159594
17639421
18963549
16465167
17730209
15589848
17951384
19047181
19584459
19161886
17411878
19406687
17746229
18738818
15907121
15687746
15136247
17939077
19648764
20236825
19262686
18552495
20169437
16093443
18478448
19385177
20062630
20488961
17772712
19984442
15235585
20735494
18445800
18902439
19590062
20381928
19877410
17852542
19587249
16706952
14673849
18935356
20618561
19415237
18311137
10259072
13582103
15525205
19737257
19687150
19528682
19590242
19449639
19616972
19870345
19439402
19784349
19173474
19721192
19403717
16372354
19422729
19403019
14873739
17796382
19835762
15454870
15491185
21112775
19677182
14073976
20743144
20164870
15958443
19065654
19013949
17458588
15032995
14182313
13618372
15844256
15152132
19452429
19775463
19413325
19347354
14605021
15363272
19868230
19392534
20141290
19938768
18957091
19199506
19385874
19037303
14411229
18873638
13264649
18693953
20102680
21154782
18740281
19448311
16454029
18859868
17481809
19041556
19043761
19442867
18995004
18793224
20438179
17999355
21422263
20717629
19712259
19260797
19734287
19655312
20514386
19183868
20076693
18196208
16100059
20638406
9287677
8519279
11857295
9127208
16120668
15423280
19525059
19068737
18438240
19943920
19455782
19479362
19625949
20818136
16636370
17141923
19717052
19202004
19907290
17049808
19549090
18623933
16837452
19031499
13600147
16704658
19568012
17797687
18764828
9886493
16837227
16558452
20550161
19523214
19157251
19553522
14904766
19402839
19800392
19878828
20129320
20368631
19745650
16761762
18683513
17753677
15383185
19656009
21181759
18396120
20027485
19063381
15103937
17138278
12679896
18776753
20379139
18377962
18661936
17385688
18851971
19710437
18425032
20086031
19572692
19721709
20120748
19687915
19145237
19411164
20208881
18817275
10188332
17725484
15683696
16601540
16220141
18992798
15242672
20354591
20727596
14119245
15982428
18733215
19457110
19572175
18928156
19035639
15838789
15883631
15271067
15534430
15803666
17658772
15937271
19406912
17954624
20760761
19238364
15545995
19590467
14160196
14792244
20095436
18604268
19020473
18973314
15130735
17515333
16024593
18207908
19310274
16207271
20258179
20144080
19809190
14965067
11645839
9100680
8955554
8476619
15867836
21230877
14586864
20032998
18447218
15744423
18311520
16675857
18736208
17923192
15695890
17651144
20150650
19013971
18498270
19084802
19005916
14389538
20031063
19528480
19333765
20163813
20057590
20639959
16355704
17393271
14016263
19060613
17602723
19200429
16278169
15602358
19590939
14345506
15504348
15969446
17493756
19089413
19818798
19403042
19032804
19434789
17785244
19663749
19016694
17850539
16250089
16086626
17520554
15456265
19392939
20693239
19894352
18640740
15142547
19969953
20062360
19062728
18378570
19878805
20004985
19513989
19675292
15126753
19525352
18714675
17116971
19321097
18789218
15456153
19047451
18028807
19380541
20138387
8176581
20626887
19872595
19802305
14437667
15653658
16349224
15061592
20598491
20784747
19295244
15701043
19397507
20427874
15019202
16399962
21170915
21452390
19624757
18731708
19427702
19546075
16555459
20109048
14666312
16131424
20326106
15477595
19328679
19610897
18812191
16722027
19102824
19957983
20083308
20146083
19069546
19625477
17671686
19823297
19244393
20062000
20066523
19013386
17527281
16364051
19228711
19028821
16080641
20146375
19697995
17610509
19839115
20677218
19657068
20126305
19917550
20435771
19978367
15018055
18750676
11247701
16953372
14730436
17063691
18810166
18980153
14885259
19351517
18449310
17800994
15128147
20115775
17317716
17271366
18743880
18072659
19948848
19824580
20508851
19185106
20028408
19245092
17082500
14670969
18993361
19553455
19706838
18910899
21268767
19263541
20673371
19833625
19939128
18619748
13994550
14998435
20167413
19986356
18983776
20179968
20195245
19695970
15993679
20375899
19088806
20245826
19188729
19057644
20199655
20513508
20460229
20434331
16336174
16623050
20144013
17227243
19546164
19309711
20753314
20014637
15759004
20261711
19844807
19746033
20369824
20876141
20691439
18798084
19585292
18399608
19387787
20295461
17615076
19550890
18250073
15282003
17916959
19243697
19640327
20082205
20404114
16162024
17149168
15563523
15533058
16311222
16275110
20626234
20609336
19105118
14978972
15869366
19823027
16143934
20311976
19603630
20188158
18794528
14931160
18112462
19211072
17446259
16731589
19315224
19167939
14981154
15290912
17926320
19236204
18489450
19717480
16528145
18751306
18985734
19433710
18634441
15158185
19038451
19999090
15456896
18286567
20171080
15342797
21225883
18213690
19730867
18814126
18927729
19295289
19687554
17750662
16761987
19824760
18927076
18505313
19500444
19723554
20507073
20169325
18780173
19519007
19675494
15549888
15288370
17877224
19912285
20220603
19228599
18921586
19288246
19197256
19989258
14886699
18858248
16884748
19449369
18126120
19070243
19769342
19523192
15436241
19140533
21242555
19966938
15219025
14704922
20545166
18968318
19438119
19352124
19277761
15625376
15728223
20412236
20083623
19607455
20740714
17851012
15086230
20491728
15483873
21041899
19269864
18793246
17777549
17520014
18731371
15621865
20144058
20063306
14747761
16352892
19614745
19215031
18945121
8760862
9034373
12681156
15796668
16085142
20889326
19683347
20333059
19590715
15743659
19588442
19138667
19292274
18433920
20425848
19657922
19575077
19156036
19049408
19367087
20209061
19743197
19093734
18292664
20312425
19065069
18359692
19363576
20154138
17360961
18673568
20700191
19226956
15681625
19341279
16196449
16138826
20502821
16360497
18990234
15605531
15928046
20136745
19406822
20725031
15554928
15467380
15163720
17676524
18175079
14996972
17871284
15988638
15187704
19197503
20157378
19340289
15981641
20809092
19862965
17969632
13653360
18569707
19871717
19536557
19767835
19993375
15899831
18981774
15067937
16727877
18225300
18777135
18845536
18780421
19932445
19545894
16217712
20293705
18001964
15634600
19895837
20055925
20162980
17799531
17630939
19729450
20972554
16902591
16663820
19078231
21067932
19643095
20303133
17922855
16793758
18269310
18187904
20248166
17575273
16491874
15464860
19239106
19434452
16829398
16852325
19968580
16549024
16961090
15411131
14840304
19984105
18850126
16931525
19770805
19268649
15882303
19766260
18693233
19860985
19297359
19662827
18844478
16398095
19221196
16643187
19853830
20060673
15861243
18311092
20870359
20780719
18745073
19984600
15887681
20129725
18787329
19700897
19033343
18782130
18343493
19354262
19593077
20860436
15173350
14367039
18438060
19200406
16575732
19526702
20274581
19806040
19603404
16616682
20275683
20359249
20080833
16079313
18384690
19635602
20040378
19716040
20668534
21329764
18881199
17382201
19491714
20360036
16229546
18644476
19311871
18621548
19412267
19085949
19356961
19991756
17576758
15102182
18743115
15933446
19221894
15369640
19450854
20267763
19454072
16286179
19419894
15922781
20380713
19687600
18713978
16248177
20076828
16953035
19867915
19000494
20087561
19171742
16245566
15551012
15319262
19624150
19249524
19891315
13538317
19654930
19914310
17382088
16343667
20441463
19708840
15879446
18957114
20387171
19697905
18979748
18574837
18657683
19638617
17583306
20429156
20540441
19133717
18904688
18722078
17923394
14426416
19798323
20264230
20849299
17981557
17644776
19788737
17235433
15680568
19512730
19464444
19256207
17957279
20411516
15731846
18506550
15010742
18141712
18563093
19709537
18614573
20141245
18415043
20393516
18928516
14838549
19982755
19816885
19500669
14799917
17113393
18900120
18305243
19086601
19311736
19947520
19553477
19393817
18284048
16786040
14973460
18932004
18644656
20039748
17761866
18570203
16397172
15287740
15929103
19644152
18354090
19614475
19206999
17589246
15135595
18084540
19179481
19026751
16571368
18846255
18424447
18471878
19805815
19265859
18760306
19596632
18853006
19740812
17666826
15872516
15833523
13907566
19925402
16527717
20142843
19928103
19148296
15318880
18866280
14224929
16780888
15876364
20752526
18902574
20156073
14873874
19808290
20013242
18341445
16302244
19390690
19064551
18847898
14833577
20009620
16091622
20427446
15260650
17892322
19432044
20339156
20527661
15316315
18205837
19474119
13995990
8419288
15099955
15535871
19787747
15238285
20897224
19232492
19462869
18294397
19639540
18992822
13495072
15211825
12521946
15288527
20456358
19057824
20046903
19608715
15570745
15411557
17633054
15455725
15462205
19695385
18992033
11169940
15966049
20336006
19792359
18606225
18695303
15235405
19598972
18340388
11960772
18483262
19315156
19392017
15026852
19310386
19474614
20036868
16400322
19509827
19400342
17556734
17531916
19466717
19142019
19621967
19561577
19692640
19188796
18535125
14804372
17146153
16782418
18135322
18869184
15674043
15367952
14492949
19629909
19336982
15062897
20008248
19290991
14797712
14830269
15168985
16122334
17762024
17143386
19945361
18736343
19666967
19892080
19156194
19666877
19240502
15791381
17319696
15320432
19588285
18969646
19713632
14649976
20516096
19748372
14396401
19588127
19985545
19703845
17448081
19700335
19509085
17840999
19122421
20121041
18733711
19132456
19766552
19659835
19022881
19431234
17513624
19874935
20204583
17414848
20247176
19053144
19667057
12795231
20837892
15759520
17130448
16810745
16131671
19697702
17589336
20407916
20106731
20047331
18732765
15006849
15711596
16078503
16163036
15817819
10882098
18887251
19312884
20158211
19232896
19207021
19404752
19043356
19183217
18885248
19730958
19718897
19477247
19433147
20251563
20657441
18430590
19712260
17626732
19799178
19642960
17298298
19552465
18952029
19213816
20185616
18087757
10379424
19439064
19881347
18195465
19280641
17505366
19932580
20174118
19438344
19254947
18891278
19712462
18594975
21295542
18260917
14883459
15875823
20112806
16099226
18756459
17226141
20313416
17827274
14625608
17437754
15711123
15676315
20051178
17598831
19247229
19500736
19464669
20123988
19251301
20239098
21070407
14511398
15607713
18698453
17365123
19645547
19691200
19007671
19784710
18627578
18991651
18196860
19672029
18864076
18504570
16987505
19583627
18798218
15296425
20559746
21850798
16821410
16767860
15507543
15930881
15490308
19506632
21156627
20410863
19643049
17271433
17660841
18876158
15977322
13080936
15365995
17676344
20151820
16831377
15419185
15430300
17258428
14529151
19329062
15798693
15463533
15608298
14763219
18099794
20440789
15577833
15613811
20068548
20273073
20013715
14663589
18092887
18574118
15504798
20197586
18828121
19263946
21109242
19662309
20045733
18900976
18821259
19890550
20003568
18487650
15153123
19567044
19431302
15039497
14626396
14319294
16106854
17121065
16175704
16198834
14714394
14297086
15156228
19672997
17957751
19569475
15063820
18906938
19977805
19982351
17903909
18804923
16252114
19658327
17980095
19930915
19310814
20422001
20388115
8603362
14845930
20422294
14942545
15678700
15208000
19825255
18018479
17388906
19572152
20235566
19602370
15286187
17649817
18925748
8602822
16651805
20584361
18869881
19194557
19520244
18829404
18737895
18696653
19851332
15998449
19444689
18534180
19712979
18939586
17644844
20487026
19144651
19438974
19004296
20107181
19719347
19619312
19926258
15249782
20222651
19433642
19119766
18855099
18750743
20426771
20000958
18934343
18208942
20091318
19309756
19479632
19505011
19995895
19102307
19580477
19069637
19851513
19449167
17258968
19743963
21038817
18361493
20227826
19222277
19247454
20478183
15053244
16784892
15856046
20862957
19790852
16102039
18115927
17158663
19161301
17938380
19362834
15813971
19710504
19306561
19391994
20456854
20905189
19416384
15489588
20608008
18451312
17057885
18585323
19597959
15878951
14498461
8848094
18961973
18194002
12780628
20766702
19848835
20123920
8960865
19958455
20479173
19137654
19521302
21082962
8464874
19343641
17771362
19281969
16534354
19996885
19265544
19929678
19360449
19580207
19163056
20212840
18451268
16744032
18713145
8973622
16520382
15181629
19559192
11141118
16703218
20241618
15331210
15755965
20622318
19450044
19129396
20274783
18891819
19982710
19374467
19052603
18957879
15123669
18838831
17908049
20629811
19345689
16362004
19720045
19935663
19323977
21587007
19908707
19073169
19814747
19829799
20552389
20490446
15959433
21635833
14873875
19932602
16998867
20026383
19958298
18571373
14448916
19091574
17217771
19096501
19608265
20160055
18984248
20466663
19458347
20767467
20754349
14763601
17264278
20383661
14842757
15452125
19722497
21036657
20045890
17479424
15592391
15763908
15058352
14597889
17877404
19913050
20179158
19167286
18756324
20216013
20308399
19544815
12284367
11622979
20112311
19757237
20197136
9049312
11644759
21130347
21898656
18663465
19728572
20445446
20042853
19988582
16588670
16382884
18818783
19662670
20028947
22421422
19118439
20232371
13447821
19965138
19609727
19845190
19644468
15198978
18631066
19806625
19774585
16611237
17002535
19801810
16775172
14409676
15977119
18965484
20913469
22601939
17219571
19944055
15882370
19509264
18796418
20526739
20484461
19299744
20022715
18169342
14337991
16636459
15282633
20919701
19740137
20953159
20040761
19303839
19285974
19101451
19691717
18774863
17359453
15504258
19737303
19464985
20930974
19824827
20278968
19884678
21330102
19409792
18123352
14654882
18431782
16557642
20377135
19394312
20353871
20349461
20662526
17736959
16482245
14454136
15616308
19397710
20451004
8715682
19518939
19189719
20245331
19856800
19099854
18217245
19429187
16550915
16730352
17177563
15044807
15363452
20420538
17096473
19218429
19054741
17462278
19581242
19224144
18354473
18763725
15275410
20374661
19916853
21460895
20286145
19374242
19682402
20292761
21503938
20238400
18951646
18447825
19722542
20750636
17436111
19877275
17338821
20963936
19377324
15391128
10376724
9694568
21468635
19642825
20826889
20732119
10061724
19608399
19884903
19673605
19678173
19727289
19915345
17514119
18779476
17567376
17854230
16365424
15781323
20025663
16466899
18871748
18612390
15961166
16711025
19288314
20272466
19686610
20203053
19949117
18915264
19000066
19330996
18585975
16686118
20374121
20365526
18966496
19105276
19403177
15467447
16024009
19855540
14814159
16562727
20854631
19478664
14422456
15514203
19801359
19914715
16768242
15566268
18196275
16677724
15155327
20748746
20835552
20734008
18609060
21619926
15666955
15792641
19478327
20199273
15705048
19933323
17363818
18387953
14358286
18694718
18886238
17929402
17458026
16032897
15703676
15874384
20278136
18486661
19296077
20278158
20333688
19456096
18966496
15479733
20570186
15885386
15571376
16571997
17079170
21146997
20177875
15502526
16653605
20247828
18899468
17435369
15721180
20153755
15502907
18944153
18710851
19517589
19748170
19491916
19270876
16273085
15548920
19905378
19135809
21669515
19778995
18841261
20407668
20129095
16603160
18917581
10565432
17895179
19639517
18696878
19106829
18556748
14509058
14924522
17625336
19921263
16700023
21462245
8761829
20258718
15889369
20185795
16111826
19285119
15919271
20178551
20402133
19770895
19267749
17793366
16340292
15332087
18082379
16541779
20937252
20615344
20036260
15818943
20082362
14416718
18847493
18225547
18023609
15544285
20459036
18170332
19582412
18655771
19950603
20977190
17515941
20046745
18504975
19384884
19509445
20277235
19537839
19062818
18038932
18232049
19538154
17369151
19603225
18862299
8872800
17619374
15583345
15707951
18474533
20085446
18371483
20387239
14732417
19330704
21013617
18802426
19787073
18497843
19923985
14918289
15380665
17254851
18645465
19480869
15078017
15938689
17444706
19016671
19111847
20174478
19515745
20099372
16552220
16538404
19800482
20051088
18077767
18531053
19789300
16708594
19778815
20491998
20700731
20007438
20332114
19894712
19404414
19329512
17677828
19825862
18580822
20079888
15235720
19020294
14724924
15981011
19201374
19638527
19939848
19235844
19073416
19869265
16292974
19859590
18352132
17258901
19686115
18285533
14372978
17083040
15098650
17571044
16303954
18154109
9462503
11967658
18568335
8657700
15824231
11104556
19235236
15190405
15912251
14007915
16895773
18669901
19554512
20359968
19442551
20948659
18044490
15692718
18835905
19237217
19505979
19789502
19032219
17667209
17891917
19202859
20623781
15427780
16712194
16518560
15539673
19432112
20517716
20344916
20085355
19743198
19542857
20089023
18366037
18861511
16611282
18261817
20252755
18763794
16810497
16709112
14346699
18693773
17116880
19763064
20494248
19383557
20362601
19316799
20255006
15727458
20218826
15095612
16346659
14803899
18224040
18531120
15990799
13276709
18842993
19555052
20490086
19541350
20222380
17124598
16954003
18911798
15132468
16154576
8162654
17362311
14640639
15574953
15464231
15014499
16096054
18428115
20370183
15507880
21572045
16982173
16680155
20599279
20367191
20368609
19488519
17880532
15551193
17092670
17591226
20000620
17254783
19359212
18990661
14989142
18431265
15819956
20462838
19428579
19606982
20904559
20094310
18475208
15228025
17212505
20033920
18632730
20373108
15699220
9425040
8577847
9917701
18147562
16777714
18797678
18846660
15048452
21103684
16480129
15468641
18403455
20605714
18017736
14784706
19836752
15736391
21621185
16944801
16604240
16504565
18951061
