24013119
25237031
17738556
23087265
24958211
25477106
23121510
25994967
25751360
24105414
23420221
24710890
22600971
26229980
22737390
17841854
26313658
25334569
25861564
13666657
23630911
20084771
20478026
22238856
23544601
24020229
25776379
25046973
25539207
23977367
25915610
26861466
26086003
23497620
25435482
26823104
23712563
21949596
25568772
25169936
25256651
26644543
25770575
23944449
22928708
24186999
20983670
25852835
23011462
24232022
25059573
25684557
23721362
22730752
25385441
25320889
25626237
27229477
23722307
23958310
26592366
23548448
18031890
23556121
21274685
21839998
21711320
24419605
22674907
22402521
23342483
25010366
23972934
25361412
26115613
24116889
25514996
20949334
26068070
22649977
23983622
22452899
25688562
23185365
22159229
23087332
31033693
26245730
23046090
21792208
24730263
24233215
23723904
23905254
23007525
19911587
24064419
23544803
23020958
25568007
21632660
25350769
23222085
23654154
25186766
22406279
24727203
23952571
22939935
23558011
22989682
24189767
24531453
23814849
24667780
22772310
23434620
23490646
23389351
25277666
23806614
25516504
21671856
25954850
25424637
24340382
24652322
24744595
27953956
23929307
22605675
24246512
26055245
23094217
25506695
22925130
23609019
22356936
24405588
25137244
26339960
26771803
24910826
25065671
24354737
25688607
23986254
20297913
25248438
20916979
20231268
20721747
20220873
21982243
25019951
24825753
25759594
25054084
23449741
22677382
25501654
22827480
21887023
22844534
25950169
25056806
24740860
26196275
22906545
23167050
23622496
25348046
23340188
21855569
27571545
25556735
24510392
24480850
25411316
24640871
23454196
24164004
24520000
22380832
26962064
24156647
24577420
26202732
23355916
26471428
25097103
24920411
22957440
23852199
23639484
24945363
25640142
27122646
25798160
25379367
20859446
23253293
23645851
23510649
23161830
24086694
24098192
24196067
22034061
20875151
25862464
21228402
23750702
24692283
26264428
25301741
25853127
23651927
23186153
23467043
25830762
24002230
23519963
23682706
26390450
25318909
19905850
23084318
22705934
26850666
23560104
23399790
23820114
24879978
26126278
26153053
25328066
25864489
27163980
24138534
20312515
25974425
25596042
24675610
23039543
24455537
22106803
27527940
25997780
26025905
26255451
24262960
24124112
23455073
25163816
26599543
25495377
25839942
26627803
25952848
24526323
23236125
23809427
25410821
25049696
16932785
20280993
26595044
26314985
27135990
26039382
24445660
24802196
23067848
26911214
25608979
26837931
25277442
24668095
25581687
25380807
24725650
22698195
25268913
26361088
26813879
25826758
25629971
22981785
26999302
27891945
24663888
21063904
26135705
21364752
27229207
21485622
25750392
21519283
24893523
25541480
24388060
24174872
25345143
26168645
27362047
20679582
22167486
20503024
27437017
18166192
22290067
22002425
26061005
25642032
25308378
20324778
24502315
25391359
25581596
23987536
26376635
24898406
25393699
25796990
24596635
25836477
26203836
24054091
25740582
26491116
25950260
26332085
26224805
20122233
23153550
25388816
23156408
23235788
23403886
25149079
21146930
22159904
24938028
27443092
21383698
19862425
26385500
26645758
25188566
24155545
21312282
25065806
25875515
25364877
23986772
25825520
27008189
26697127
24233552
25657399
27327937
25509102
25645699
20314204
26930361
23368021
27291734
25531535
26594009
22783334
21940371
26253223
26552901
24811015
25309549
23517308
25854388
23121398
25441152
26160252
25919727
22895205
21111830
25518124
26342458
25454246
22195094
24691270
25499022
26757044
25872027
27668610
24566193
25276137
19585562
24370892
23349345
22401712
26653116
19512954
24933393
26789017
26063840
19322221
22959263
25539319
25997713
24775016
27179077
24976166
21609058
25925510
28721027
25794762
21840246
24908485
24324475
26504729
26799277
21253759
18070724
24695658
24884973
26658449
24679097
25256764
24742548
27956926
24215169
24528370
24885310
17337178
25293956
25852497
22956743
26135345
26393173
26385231
19838125
22097016
22876418
24563065
26804429
24040074
29423118
26538928
18778981
23647291
26814982
23317530
25641919
24980845
24729881
25311551
21671698
25129347
24976480
24391278
22616812
25416154
25498414
22245134
23485291
18472013
23973587
24613240
24831108
21156199
26526283
19629865
24564190
26562283
26187118
27054854
25929380
27112409
24351474
26857911
24155275
24202277
26338521
25789047
24180362
20759614
20161068
23805331
26165968
24448360
24202525
26008400
23472016
21161059
21195507
16667780
25188656
25278341
26767214
27482017
17866200
24906595
22307031
21881038
24269935
23400601
11837449
23897649
26630324
25688044
24396587
22226616
24512148
23085825
24955151
25010929
25633572
25507009
25641919
24314890
20638722
22679474
26299483
25264099
26395491
27837090
22222611
23988775
23058015
22445002
23796084
26291833
21490797
25108309
27404865
24711768
23392096
24999678
24867760
25289929
23376593
26091088
24038567
26389010
26023700
24350890
23043075
24540497
22874437
22876058
23193443
23699063
23149793
24084917
23915964
26602559
23694676
26446048
25420879
25824282
23050523
21686391
26430748
22769385
24740793
24198947
24139210
21105192
22378986
24743133
21472910
20484461
25675197
25563731
23296088
26432210
22933140
25024653
23898077
26850194
24312459
24852415
23204760
25066233
23055585
25190524
26474151
20312830
23223728
22403422
25365462
23750657
25226973
23842839
25452087
23634961
24838443
23829293
22287186
17503948
22719524
24819971
25209446
25399234
23818449
26426046
23220105
24053034
24922143
24880473
19630090
20673618
20565574
25779867
25749447
26568313
25365619
20821489
24102850
23053110
24397645
23763368
23290103
25479177
23638854
16941582
20429403
25783669
25312542
25381482
23062223
26554746
23760061
24382862
25191536
23085645
24604420
24009047
24879573
24361352
24615580
25280997
25627474
25237662
20225351
24483302
23397450
23979414
27346477
24298870
26070477
22851240
26196298
25357924
25262636
26409846
25019681
23316361
24899283
21168597
22860713
24110904
23519356
21047930
24441903
26901382
23119395
25195002
24716020
24767343
25832315
23774191
18957856
23126663
24514645
24934203
24968178
26080130
24751053
24663888
21491765
20989632
26378908
23246543
22675672
24155971
24438752
25531467
25294406
24656531
26317123
25102458
19164608
26970096
18538657
24593575
25772802
25689844
23086140
23625421
26294105
23118202
25556892
22937887
24363872
24334194
24364277
22551832
24136464
22612942
23695149
26042285
25627092
20642231
23522933
18362505
24141841
21900118
23183588
25584905
25955435
20798516
24729745
23859804
24731950
26826163
24168932
25842709
24222144
26318968
25349059
23870649
27131242
24590133
23687251
26533596
22647030
25004111
20585756
25438924
24384392
24137792
24584282
25033811
22192169
24002859
25608214
25532951
25571606
25657984
25675557
27622193
26245483
26511996
23270123
21209727
25849438
23721564
18174967
25407312
22503952
21653676
25340509
24491808
24680335
25516055
23393356
24008372
20610484
23678454
23247803
23491569
24290027
24125777
20378193
20337626
20330853
25142621
25349914
22619512
21273268
24096077
18251580
22822800
24045317
25521027
24442037
24987348
27577867
25169554
26084855
25154569
27320445
26746379
25877674
25615347
24622690
26957721
24951865
24980981
26482858
25732257
23284725
24920703
22626240
21709678
20261036
23937924
26165630
21939201
22348499
22169736
20233721
25113731
25408391
22824149
26165946
24859323
24214719
23351303
25612422
20404968
23857959
25557635
24798415
27168209
24624850
24222145
25374574
21552357
21472798
25785942
25716237
25479356
24826361
24734425
25961262
26418800
26076035
26793899
25877539
25969069
26935626
26690579
26051848
27684022
25088351
26287490
25339811
27432787
23723544
23403030
24456055
24959516
25049043
22799017
24845058
25459647
24974613
24587703
24398365
22230531
23934324
26260851
26576526
24909588
25683252
25330542
25219481
25734102
21495973
17136230
23515868
24280172
24975626
25237369
24699280
20602406
20112873
24122357
24246940
25978273
26616643
27446625
26724396
18356003
22610962
17163163
24622803
25754307
22795485
21375980
24126992
24296034
26085688
20642771
24429595
25832922
25819782
24821523
25045218
25869282
24429437
25474766
26017243
24325217
23905839
23656404
19550259
23075610
19440594
21221315
24746800
25046344
23630326
23327678
25698912
25212191
22917503
23922669
25885099
22699589
19867577
25934352
23946047
23136405
22347757
26603616
24937915
24845620
25773364
25283741
23401636
24490480
27035572
26618759
23985287
23340166
25195429
26626948
25699790
25529509
25062341
24146859
26731664
21085752
25091456
23042265
23199450
25460704
26683783
23090730
21495432
24981431
23702888
23523203
24750266
24511225
26075090
26180030
23562376
24213550
22848832
23739496
23552679
24730622
21084132
22521862
25518732
25292178
25669482
20443758
23330085
24151764
25552032
25422859
24473853
25728927
20108351
20764452
21888239
20818879
24975761
24894086
25252804
23456536
23777138
26963977
27563445
22873987
24700608
24328390
24477385
24725628
24693745
23357131
23051805
24992006
26435293
25543910
26925231
23974465
23066835
24800350
24592473
25108421
24341710
25627317
24871473
25617574
21074074
25073366
25641964
24117294
25183234
26457096
22586774
25004966
24165219
24345939
26248858
25994450
26540031
25157313
24287282
24363850
25375857
23029035
23561971
21952588
24649286
25612152
18077385
24088562
25428349
20583957
25830875
17162083
17354526
23217225
20775319
25226793
23661376
25379142
24889090
24453423
25627272
25076628
25940360
24967346
26298560
26346778
25569560
25234376
22914690
25345954
26753736
23203906
23403413
24807820
25805652
24412045
25851935
22542921
24530643
27650070
26249826
26696181
24914719
24919736
23540236
25811277
25802209
25001861
25824147
23472938
23533171
23010068
25082028
24709451
24298397
23238330
22651372
20686308
18629738
20091498
25627227
25615302
20899249
21467397
23912274
22845750
23294693
25600857
24127217
21154670
26290100
23147880
22019661
26081840
24895526
25701229
23247713
23713734
23298360
23463443
23695666
23208945
23903431
24162452
24243678
22959240
24273782
26186420
24652548
17976562
21309290
24914133
25571742
23858274
20080158
19897930
20457798
20207890
24526773
22045896
21249034
23370136
25578626
23962404
29142835
24691698
27050174
24451465
23966746
26321803
25319201
23583301
25964480
23633679
25020243
26345383
23171731
21360995
25010388
27625343
24843505
24793083
25669954
25293213
24195662
25832900
26428610
25201482
27311625
26618759
25083761
23208270
27061132
25781892
27025536
26682456
24388195
18885429
25666107
17417143
22509644
19264127
23567529
23001697
21044847
24972318
26101640
26699016
21964514
25575746
25698844
24239874
23207573
22293711
25984888
20880799
24639340
22672972
22876260
24889631
22232443
26336181
24978799
21176607
26468818
25612039
23637436
24089169
25957348
25654587
27710212
25453571
26612594
23988369
25023686
21797788
25501339
25009129
24319998
22529579
27168839
23577384
19904140
24714198
25919795
25524424
24695793
25019208
26799974
23735131
25304824
23458831
24125867
21609395
20515646
24555438
26669586
24944846
19994455
23461823
27761310
27308587
24293334
25064410
25688787
23292195
27926528
25076831
25479761
25510181
26689206
23841646
24964218
25803447
29452908
25067493
24945971
19180607
20454491
26002617
26367973
24644380
25537721
23901114
24879168
24925653
25316839
25218986
25124824
24871946
25192796
24230469
22761690
23291926
23696228
23759206
20939681
24889586
26127403
26250185
24711431
24910938
25632604
24579715
23979504
24461095
23725546
24867716
25265899
24631646
25549467
22979242
25021774
25871892
26336293
23111746
25528249
17136343
25891355
25036016
25311528
21794773
23075273
25259396
24605590
24334645
25553606
24417107
26818491
25334591
25209536
24410830
26869633
25014371
25929267
20868942
24517255
25991638
23979437
25291683
26209370
23293118
23854359
24936994
25600542
25053116
24839434
26328891
24860516
23343226
24803365
25242341
24921806
27664988
24638507
25855197
21664633
20754934
25379299
25300143
21571865
26321151
26242738
24355817
23604474
24665868
24211884
23363768
20267110
24980891
25068484
26154133
24707606
26624721
24332980
19549067
25645947
25099803
24795333
26494311
24335814
26034815
23323853
25595907
23920239
25529554
25210077
23256825
25998635
24616413
23333370
25838615
25604277
25050798
25531557
25133284
26490194
23274893
26949307
18147630
18440895
25597864
26613021
25731874
24845373
23730699
22938427
23573536
24971171
23682683
20444051
25187036
25495354
23871414
25496524
24147782
24843799
24974748
24619787
19899797
25341769
23100586
24569838
22353089
25626125
23820114
20427513
24848118
23275185
23058285
22653779
22427001
23953269
24047680
23823601
23633971
24503733
24284492
20102522
17874299
24169899
25991390
22911720
25132811
25567872
23841962
24280689
24266380
23105288
22586121
20032841
23280248
22768147
23695126
24808271
25257191
24656666
25359521
25816025
26397200
26906692
26070725
26967441
25175787
26932431
25933227
25085201
23359493
26398393
24947794
24259540
24595578
24336670
24652458
20715154
20701203
24178539
25184179
26132195
18843083
25702670
25830649
24019465
25721097
20694454
24285055
22729469
25259396
26800401
25910974
25327751
21943431
25530364
22714552
23970301
24753010
24754878
24769773
24583518
22412804
24962959
24680718
24688098
22986960
25689327
24054092
22805452
22315288
24132617
24111760
20223506
24864183
22280549
25908477
24269845
25811682
23747394
23149163
24301233
23671411
24382975
24396903
25281986
25748952
25577006
22442639
24710958
23852963
24188057
25524762
23956959
24920164
25242521
24807551
24951370
22855717
24454435
23111903
22680690
24386777
23083418
24950471
24059717
25851800
24927566
24018811
23711709
25130493
25016103
25234939
26600870
18284452
20672449
25221798
24820330
24660152
27270854
24599020
24203424
25325637
19711720
19950625
25469951
25831122
22330521
24373007
22545082
20467923
24814143
20063013
17523591
17435976
24807123
22120078
23745976
24602777
20236555
17141540
25657714
22913902
24355254
24099317
23301781
22633102
25669235
24439135
26921091
20845991
25175471
24614298
24726123
25493081
23931039
24663910
26444248
23471318
25349127
24359777
25223216
23125133
25276271
20610528
22526947
24720250
23498971
23460024
24466134
22992855
23445781
24476665
24547315
23246768
25802569
26829381
25017949
24546190
20791181
25428327
24100104
23380553
23938149
22066056
25135646
22973460
24386575
24597851
24890260
22716397
24234677
23111295
24574248
22284756
23202781
24543085
20612734
25902244
22923870
25562292
23244428
26549346
16496194
25739884
22687124
22332569
24803455
25895742
21906080
19787050
23427511
25120346
26425708
25786550
25563304
25535224
22828717
22671127
23509073
24242912
19714645
23609064
23556301
26673816
26374115
25226637
24786176
25609587
24223809
26014115
25708249
24130659
26214635
21163242
21868641
27408982
24951326
24041222
17643967
17027578
24749388
23170267
24291355
26362821
25449004
22514100
23476156
25138932
25564226
22429499
23704576
20923482
24855048
24142405
23246588
24188282
25980792
26543698
22258634
20734301
27479070
24750085
25454966
24792228
24979046
24424015
23240288
25682127
23311006
22666965
23339423
20484011
22842015
23510491
24094884
25317874
24031142
25825092
26395108
26237810
24777063
24815853
23980111
23637841
21178362
25529712
26034815
20930141
23360551
24266357
25273369
24465910
23431921
22957193
23298225
25214486
24662605
24076637
24015999
23482996
23646638
24766421
23676069
22728075
22749450
24712556
22851600
22767540
25142216
22741214
29121775
26194902
25196689
23680321
25874502
23412188
24650838
23911981
23008132
22748077
22140193
22731292
24579828
23873214
21768561
24564977
22934490
22792694
25017768
25797890
25822392
23620764
25437799
25145614
25840640
25109231
23548201
26612571
24632208
25195069
24784893
26836311
27317048
26354923
19138172
23053358
25300459
24893591
26438443
23889189
23048565
21643641
20959437
22720537
20522351
22638592
17408346
21728645
26142590
21028309
26136831
23434216
25755702
25653574
21547025
24578500
23785127
24445345
26788993
26746918
26649808
25669279
27513990
25951880
23641126
25739772
26415493
26767169
24103142
20879697
23866464
24005424
23505811
25487277
25234219
23381589
23256443
23641824
25433389
25765962
25733337
25980815
25678527
24358584
26989334
25881725
24969281
24820241
25126534
25830379
25280771
26723991
25835060
25417122
23008741
25362829
25835622
25644507
25184494
24596140
23009302
24514915
25271546
42726714
23413695
23630529
20611541
22835332
25386161
24506546
25110581
23641351
16879685
25666601
20644346
17833934
26646343
25124013
26149363
24554020
26434844
25158911
20854654
18029887
22408146
24122222
22978995
21213889
23169661
22290471
26060780
25603670
21519192
24188192
24414880
26886307
26015195
25459444
26512513
23563006
24013704
27279922
26036255
23571668
23535691
23770141
25347934
23011215
25411316
26082267
25580045
23996222
28206113
23913377
26836109
22513312
25186474
26877891
27305864
24604600
23435656
22059193
23473275
23210295
25932800
25863748
26016478
24040255
24248695
22703797
23752996
20909194
23618019
21640940
20568184
24997361
22478549
24193097
23237813
23806164
23042333
20955566
25655216
23821756
25025824
23712384
24304089
24976841
26003270
24057310
25931764
25458814
25260813
25361163
24891790
24195347
24619697
21033349
26068160
25641694
24353072
23002192
18941994
23689726
24652886
22777169
20717268
19427387
20871394
19895275
20363388
25030750
25179768
23062493
25045713
24891904
20279373
21006394
24187314
26941184
19766890
24268765
24358135
20065802
25797395
26692019
23130713
24879034
24573595
20633231
25287072
23609243
23045618
24190892
24256705
24648025
25379997
26758709
25077911
24946083
24653493
24815606
23652984
24193479
24985233
23457818
26146663
25588864
20646124
26585886
23106683
24309220
24152642
24383920
24999588
22705912
24693228
23565931
24021017
26286793
23163001
24040569
23820519
22798230
23150108
25405556
22925287
23605351
25348227
27128362
23225933
26788724
26093001
23659688
25543482
24948400
27286649
25747917
23831432
25885932
26364913
25676772
21808093
22148518
26362303
18284947
25281829
24685240
27441697
25046411
23827472
24556676
25131214
23835076
20848399
20644346
24818643
20618246
23161943
24320403
24303775
18102337
25052238
25690407
24331382
26591533
23504100
23579048
25200334
25372301
26249938
26105713
26735466
24206800
26824251
20723389
25302529
25326424
22318552
21144162
23216663
24809305
24350619
23498138
25801827
23172360
26676021
25077573
18020865
23561543
22640144
20925124
22943107
22585064
23581884
25589090
25243467
23478429
26041475
27173745
24127960
24472615
24895391
26384938
25534909
24467350
24865038
24825033
22049878
21180837
19390442
25351197
24521237
27068602
25016981
26561339
26143513
24109892
24664990
26749101
23800111
25217366
23975072
24324565
24549430
24058051
22982415
23831409
18347340
25681542
21934274
25601442
24905043
25224679
25995417
23763639
24966694
25501295
24307352
24259427
25369106
22953840
25567242
24430135
25810782
24400547
24444130
25286712
24548912
24660265
24794388
26818019
25390031
27218880
24680156
22567784
25069001
24648363
25211719
26440580
24638170
25526359
21353390
26001403
21766220
23112285
23225213
25372752
25077326
26013598
25828332
24564168
26107467
25092266
20273613
25460771
20527908
22817220
24264107
17680012
25815912
26958126
26151905
26327585
22226661
27325574
25030166
23852019
24638396
23133075
20602383
25090421
24982308
25620049
27711540
25341948
26561316
18104924
25391539
24669941
23094421
23187818
23482996
22905713
24678040
25373021
24510145
25256786
25018151
25000713
23234370
25826218
24602057
24354175
25332544
27177750
26711143
25008993
25759122
24438662
22586797
24651085
23443756
25041460
23752366
24762393
23805354
24331000
24793061
22932510
25981423
26610726
25286621
19111126
20794263
22857090
22909065
20472694
24867895
23920194
21924260
21103887
24360520
23005770
22077779
24152079
22330724
25265629
21687110
19907222
19749452
25215769
22988580
24589952
26448163
25723932
23456851
23249760
25186473
25779057
25542492
25004831
23199315
26577088
22611007
24542680
21589978
25537587
24012580
20684666
27012577
25351241
25048976
25353064
24574878
23545861
23371644
24718563
27477000
21154017
26248543
26019245
26312555
21538947
25791613
23815456
24141234
26127582
25066886
24443027
19700312
24797628
26238441
26015960
20204313
23886646
24237602
25452267
26817164
25806057
26399901
16950155
26057495
16835585
25423377
25759010
25538082
24310929
23522259
25080656
23562264
22326044
23371553
18103957
20111006
21552650
23649136
22668270
24282108
24552130
25999580
25206679
27393413
24439473
24102287
26483556
25337404
23981102
24885198
25304463
19913500
25267834
25236402
24462670
23242740
22746480
24978956
23664594
22131577
25432489
26411399
23929869
25073299
22018716
13194224
16528437
23805782
23695261
26291968
21382010
24530148
21131044
23883991
25723640
26160230
23697601
23033063
24164770
25910907
27777397
24159392
25773770
19276839
19513337
23499398
27802193
25603579
26585908
19073169
25380244
21924374
26948047
25768054
25970983
25538306
25699947
27617198
22747064
24453535
25575455
26057157
23829519
24056342
26367343
27465232
26980064
23265263
26156810
24022637
22901527
23078108
25859653
20514453
25119131
25694006
20945982
24995291
25807384
24967886
22224951
23594124
23197336
21672418
25773274
26467379
26398821
25351489
25827815
26764199
25311776
18852039
25753317
26386963
26004912
27018517
23853257
23560193
17185348
26152581
23358278
24410694
25740964
22896398
22716127
25396039
26628816
26492915
23584336
23844323
23613564
22685594
25217456
22258926
24038679
23509253
26118178
23327408
23347118
23292083
24277473
25335828
24182837
23879536
21412160
23591446
22990966
20764721
22703685
22568099
22670407
22367556
23271270
21209908
25921865
26623439
22926075
24284852
25610126
26146753
25376239
24618686
23955946
26228383
23324663
23381431
22611884
25811998
25868989
24883128
26121777
23451540
24056206
26597811
24114572
24350957
24535165
25176754
25053611
21277160
25745487
22928708
26466770
25640907
25770777
26200415
21146592
26072705
25284642
23944157
24156579
25581056
26070545
23479014
22839765
24809261
19833669
25011378
26004238
23465558
23988999
24714401
22980390
24914898
25280771
25099533
24801565
24850953
23510108
24138286
23428050
25673690
23994354
20918329
24624670
24670031
26468908
20941481
23143875
25721614
23516386
23705679
23135798
27000899
25229381
24901399
26163493
25034059
25876437
21880926
24890845
24309062
24327737
25332837
26558909
24653222
17704289
24144970
23777994
23805196
23583076
24923066
24507940
24372400
21243050
21430137
24687063
25037793
25685142
23163495
25744429
24046936
25185821
23807176
24863486
24527020
24869268
24472997
25141654
24443995
24658105
25561009
26253515
24191342
20919342
23171325
23236980
22967610
24361127
26093697
26134580
24446358
24848860
26909436
25044701
25588842
25093413
24773418
25630692
23608254
25490855
25044520
23370338
19735209
22073504
23558596
19782437
23039002
24544998
25906295
24484473
26332176
23555558
25789362
25259441
25326987
25351219
22600455
23690401
22296276
24630565
21983954
23085105
22315649
24008799
23745864
28873060
25318324
26057742
27102734
26408225
23199000
23727481
25958495
25143611
25002266
23534183
24842245
25138278
23507723
23964429
25058606
25245581
24461702
24196584
26270007
23078310
24945745
19940635
20602024
21367272
21491360
25724562
21570672
21182749
19757373
24580097
25804167
24916136
26261548
19924930
23651814
24305034
26719761
26131588
24606063
23583481
22130361
25038783
25545372
25770124
25274628
23229083
27120509
25174346
26069848
20977661
24821635
23804499
25913698
26876946
22884787
25397254
22556624
26574141
26668416
18665603
26372676
22432604
23552633
25227064
24232967
27325642
25510204
26383880
25208636
27463005
26229485
16577194
25118209
21275359
25478681
22623742
24230087
24672618
24670458
24771258
23123513
22847842
25774872
24289465
26523178
26045458
21073377
25168766
22418001
11876982
15458942
25445517
24366235
23483446
25098318
25265381
23929059
24043179
25277104
26468594
25446011
21888148
26273046
25158709
23881606
26691996
24300872
21825508
23430548
24040142
19857633
24375730
24505330
27810496
24564325
26471293
26142253
21878879
25117218
27904815
20356998
22632404
25507684
26487628
25191558
23521358
22787182
25120166
20433836
24357460
25034104
23174611
22209269
24502675
22547984
22143321
22068238
20101803
23126798
27156779
23494830
24199599
23319668
24787751
19946957
22735432
20213380
19915840
23120228
21080397
23744333
24196675
23854044
23451563
22971165
25556351
25017610
24079786
23275073
26612571
25654655
25538172
25759279
25555721
26831991
20271295
24317207
19269864
22787048
22709489
23359651
21787731
22484872
23996986
20683069
20216801
21720276
20038757
23872067
23581636
24260237
24529967
24804333
23633341
24757060
20051808
26831834
25906699
26094868
25401034
26189615
24936454
23015265
19326519
17276069
24468790
23985579
25226906
26110055
26389393
25504781
26781389
26020392
26519668
21640220
21809173
22454946
25319989
26244155
25805607
26068970
25773612
24476553
27006704
24842831
25979758
25051541
26024105
24977718
23946722
26030563
25162916
27374197
23644839
24662020
25889307
24945408
25736105
24384730
24954430
24837003
20557181
26822451
25244231
23003272
25631569
24449980
24651355
26820696
25415839
22075911
24101252
25115148
25718194
26857012
20306081
27533520
25742112
24228107
23394954
24289172
24444378
28331394
25821898
21985461
24290500
24321752
21968024
21658580
26429555
25353784
25050326
25416851
26274080
23017560
26651001
26176115
24617965
26868891
26469650
26129472
26159082
24373929
25785312
25420361
25550367
27215189
25612399
26688756
21063500
23428186
24561985
23517646
20522441
20054688
24613870
25867303
26582938
24633670
21095765
21133317
24006820
26032790
26051105
25253118
26137482
24527831
26242873
27050849
24328885
26161040
25423939
23388878
23154181
25581417
20607897
22931362
25510046
25470694
24741648
26491813
24076862
23340773
22929540
22736377
23139421
24339213
26952029
24533815
24187179
25612511
25478591
24333924
17558421
17934284
24639767
24318602
23568518
25411181
23146328
23017695
20922717
20151258
20854992
17046950
20469228
24970136
24041335
25287319
23285265
26047325
26443775
24872778
23716096
23899135
25128626
25843407
25834294
26459908
27634073
26586673
22577954
26051600
26843286
26257791
27611145
26666436
27497273
25874075
21860721
26700951
25314161
16449125
25263716
24416927
22494456
23665112
22584727
26438173
25593611
25043261
23765934
26615046
25725079
24151944
23511728
25279353
24861776
16756047
24472007
25804212
24456753
26595088
20951741
21479300
24578028
26276533
25672025
23655752
24675430
24737733
22672117
24871811
27022836
26261187
27745583
27832680
24415420
28781957
28541904
26911686
28349529
24503980
28992400
27576945
28023278
20114021
26519016
25761372
27162720
23665471
24924416
19983948
27058319
27494348
28131661
25917478
26363450
27132906
25598247
26824093
26614484
38383983
62452227
74898933
28355446
27416497
25731042
29119300
18983596
23614801
23998517
22252199
28917632
27721328
26932791
24975874
26473543
21887023
23683854
26142501
26334988
22749044
24591348
26485108
24777220
26491498
22534056
25874547
28021703
25247449
24142067
25708542
27321232
22086328
24497433
27521280
22034960
26431220
20576509
24362972
26398258
25150923
26121800
26102630
26165382
24231369
25528834
26341266
20217858
24348572
25599665
24989328
26571665
25527191
22447432
24430743
26121800
24138602
21465733
25002265
26207502
27281812
23439503
26730426
25452649
25954895
22334549
24258077
25271929
24759851
26176746
24281410
23944044
25412554
25703997
23987222
23302366
21327087
21148145
23295975
26686867
23367841
25078968
25938897
24839838
26314108
21973356
25198219
19895545
24834865
25586997
27132390
24699887
24092252
23874406
25073884
23768139
25587920
24607346
27720900
23938239
20265513
24042167
25425964
25685637
27455490
27169312
26789444
27921555
20899452
24179125
26879781
25416761
23669724
24331967
23130937
24890306
24399692
21367790
21843958
25256786
25697989
27859928
23616713
21125307
25160936
25512342
25937435
25073658
24658645
25165368
23409444
18427013
27788491
24970068
23407733
21632840
25494747
25555384
25334546
24820263
26761521
26616779
23917111
21421767
26344281
24493315
24474393
25039863
23582176
26480181
23555333
21956818
24531025
24329965
25288601
21240867
26844749
24650410
25297939
25631929
25196711
25825813
25814315
21178475
24919398
26323378
26913352
25838457
27092160
25206453
24510212
25540827
24503440
25171623
26913037
25354774
26700704
26359356
24508908
23578958
24201445
24921580
22238137
24691630
23392591
24403450
26215468
25392417
25161139
23953427
25882063
26357556
22547309
26462676
25075188
25823854
23820699
25560604
20905662
26472238
21641795
26032227
27041894
22489372
16921445
25167551
25028478
23434261
26177667
25488221
25225466
25005484
24465662
24662493
21471133
23845516
26206423
22422749
21682385
23141131
25406952
23724242
24407073
22140374
23422493
26521333
25230056
25408549
19884880
17350679
23796332
23077230
23371260
23561296
21550085
25684309
25663677
24185020
25598135
28700215
26506394
25831572
24714040
24184367
25084773
26431558
21096147
26142883
23966342
25900850
24374222
22415594
21156582
21699238
22686337
26059475
22994002
19989865
24394090
22589407
23218035
26030090
21691273
26148012
22697025
25027511
28148986
27768870
26267533
18402285
24663956
24780438
26083191
25368882
26290483
25606190
25226838
23498093
27126584
23844729
26417249
26147248
26134602
23129183
26318990
17613546
24607705
26449423
24972499
23590906
24344162
25896192
27745583
24531880
25831078
25288354
27391859
27911588
25852318
24300602
22932375
20231515
24866006
24945071
24016922
24309377
25567242
20173218
25171871
23239073
23957184
24761268
23960087
24307082
26305873
23994354
24549903
25497830
23919564
23865316
24567115
22340894
22813102
21947233
26430703
25888655
26389235
27064484
25076201
25669954
17202380
20229423
23658001
26790659
22744679
26136717
24202367
24067840
26951512
25828512
27397665
22364834
23651678
26548940
24665913
23906626
24916766
24276189
23311163
23446973
26772839
21329630
26126480
24561895
24718001
24120782
25169441
25244186
23603506
21692465
26395086
24963723
22177791
26749956
24810183
26287468
26396436
25405219
24270632
25251611
22918920
25878800
25812627
25243624
25169689
24620620
23581254
26920304
27048262
22602029
25008521
24871630
26218213
24990430
24104829
25072084
23515509
24476575
23381251
22945898
21690890
24217060
21908060
20498141
20165703
20167232
24080935
23283690
25350904
26104610
25160216
25135106
24282782
25312541
24423227
22805992
22640325
25203642
25616157
24863215
23052053
25478434
21785301
22697452
24759221
20568138
24438459
25416762
25169936
24768535
24110252
22977825
22179367
20683586
20669254
16233642
26569934
25432646
26133725
23956846
25394577
21366282
25022358
24602440
25123721
18563948
20129748
24342407
22926209
25857155
23065193
24064037
26105780
25429204
26575806
23915064
24118577
20775724
24473695
21995968
22760047
24611035
24000114
25565487
23601121
24386799
23555851
23806344
23387595
23362396
23821509
23633858
24531340
24400907
23205976
25661990
25110851
19740790
26280335
22712302
25622142
23850129
25157066
22396919
23859422
23774304
23693124
20161631
20335848
25262321
25647455
23035583
25985990
22439377
25260342
25262277
23876409
23882349
23662456
23020216
23642656
20696164
25165864
25103854
21801860
25913720
25064861
24405003
24712600
22941690
23873641
24313517
25440049
26140948
26151141
27558112
21304363
24776793
23205593
20937094
24996146
25581507
23685203
24358742
20626211
26042330
25791117
25621962
26266521
19481432
22341614
23205435
24379780
23869164
25189893
22945177
25458050
17836611
24323372
25050303
23654896
23962134
22853085
22891469
22667977
23091292
22536442
23894499
24263658
22770060
26171255
21410653
22984485
24906438
21331137
24111602
26291181
25302484
25857920
20679198
21491225
24969101
26532471
25212236
24623973
25829299
18406245
22933748
25480752
24683823
24479365
24008371
25335177
22901054
22930912
25779058
24979811
24652008
25505524
24257852
23699581
25737702
23854741
25402496
24958728
23365365
18855706
25397073
24857636
25312586
24453175
23243258
24470230
22993822
23028765
24388982
23320388
24059447
23730092
22287907
23131680
23516543
26749281
21795245
22881323
23339355
19455332
24222910
24611823
25377791
18466141
23610166
26245168
23653164
23940512
20804524
24391322
21025767
25630984
23635073
24051729
24310727
17858166
17820029
19100416
23502548
24427278
24852663
23621191
20715918
22461067
22061984
25063489
25317874
24893185
23705656
25344694
24017686
25748884
23833322
23549529
23523406
25593994
23784069
17528856
25015181
25077438
23375310
21133272
24481233
25673937
23345431
23857554
25459377
26091177
26820426
22771027
23624386
23314245
22653825
20790258
23908989
21293000
23602224
20145160
24359553
24047161
25047648
23926404
25912527
25368184
24575215
25468489
24498018
26239205
19873472
19776858
20829566
20515466
20835484
20114447
26825376
25935252
24327850
23279235
25637802
23445646
23686869
23825357
25073771
26014835
20577994
23717266
23216573
25168248
24738858
25524627
23587261
22821787
25902650
23207123
23308531
24475562
26530356
22942703
20011420
17844892
20190610
23019968
23190090
25391314
25322081
26488573
27494752
25288534
25602049
24348257
24913076
25054804
24735685
26005205
20650893
23383095
25154411
26459143
24822333
24914314
27408375
24093736
25421374
26152782
26282428
26902889
24412089
24007337
25293506
17788102
22527554
26416168
26901562
26251963
24155792
21190017
24012624
23978671
25350994
25765220
24697525
25752124
25233477
24318175
25486062
26233220
25000264
24672461
25505142
21361332
24524343
17809769
26238620
23429019
23813274
23317778
20806414
25270647
25986868
26922869
23164598
24918003
26612189
26820336
24292232
26960197
23817977
24873476
19942480
19852503
26319171
24729273
24173342
23324596
23974082
21133070
25861070
24819565
21520948
23924717
20525028
21807126
24697795
25486107
22989930
19373431
24924483
23314021
21533840
26166531
26845491
25216241
26157620
23669679
25113281
23710876
26698251
23350898
20635504
20168898
23843672
26796216
22165506
18711976
24954228
25183414
17712479
23215021
26081548
25699295
26411646
27751410
25898105
19904703
18019222
24256344
18112597
25826960
25459421
24402999
25916690
23899044
25288219
21657456
20036418
21043902
21338293
25045016
21572922
22130271
23111430
25858864
25911267
25606504
25471212
27039216
27286582
25599484
25135916
19851062
25456969
25827478
26039855
27147351
23271698
25296252
25037591
25372099
23431336
22335764
22899862
21789305
20167886
22633305
26783234
26579631
27324134
26001357
25305882
25293011
24407095
25596244
17206881
23879672
25372482
25491777
25370164
24467125
22215659
23960762
25754420
26333751
23532271
25146356
23872494
24492820
25038491
25363481
22709962
21658446
24548935
25871577
19944752
21005156
24182905
24563875
24197305
24617155
26180683
12547123
16305529
23661714
25103021
23271068
25289816
19803835
25198579
27229724
25834092
24419380
24512463
25607719
24036384
25151869
25852700
21669920
25297647
25622659
24432587
20767871
27268672
25349262
25657152
24959718
24845441
24436277
24837835
26057225
24580412
26393556
24155995
24526210
23626411
26010313
26505718
23568563
23726874
26186038
23416373
24905741
24831176
26396346
22917975
24137252
25566814
23767397
23338951
25125004
25067223
23654019
24373682
25011895
25673441
22975305
24691225
24594610
23213221
24472165
24914764
25016845
23998067
25137221
24950471
20342261
20973972
22475917
24484540
21826521
26399720
24542635
18403883
23370923
22949317
25967157
25441916
23398868
24676667
25391877
22305209
27000629
25747490
22250309
25275034
20666194
21659728
25292899
23072527
24451375
23911847
22991190
25241081
25278679
26703493
23972866
25873287
25863792
24265773
23749711
24674913
24344050
24021759
24221177
23167793
25966055
21947616
22838617
24357145
22844175
23473074
26312870
25500462
24655383
23197741
24172374
22802550
24560027
24618730
22621627
22456071
22327011
22007960
23137013
23549731
16831468
19376447
19298574
23141423
22808287
22702469
26059926
26166147
23269201
22824397
25418359
25005124
23702551
22965720
23723454
22805542
18991808
25325794
24685735
26141533
24178607
23520301
23597251
23253068
25176664
26139508
23680478
24405385
24045272
19060231
25815845
24154644
24131401
24342182
23456221
24837026
25506402
22288762
18203812
16998530
17479423
17160643
20580311
26048585
22936583
24646990
21582282
20707932
26063863
24880023
24940773
26422918
24440620
23454398
25102661
25421914
25407604
24944260
23319038
23814332
24540183
25572957
23142638
24543423
24840918
25698664
25936129
22745535
23941119
24459205
17879452
17340868
23607263
25414736
20937926
24146747
21312665
25916105
17995485
25467499
25532614
25615346
24860673
27013792
23874317
24016855
25325321
25271569
21058865
23398846
25528339
25823630
25641177
26558256
26652418
25471774
22461899
25260589
24436975
24891431
25480797
25375811
28045958
25675714
25068348
24486048
23060265
26374206
27483457
22637152
24373367
21272840
11995422
20969134
25505862
24512058
22371089
25144444
26987872
25509574
20950437
24762100
25101108
25228076
24090317
27038519
26352516
25148314
24513363
23253383
26327878
23855214
25264549
22998435
23397968
24668231
26101010
27291307
25520937
26608701
26123713
24544727
24093039
24042909
19225449
27036562
25458386
24584890
23448594
25687775
25938110
23148308
25367194
24623455
23958174
24505960
23193060
23851276
23183003
22707802
18419610
20190948
26496111
23001855
22682647
22123791
25638657
17066256
25729782
23313233
23543071
23296178
25417661
24058704
24392582
23957949
23775811
22256429
26169636
23522843
23315213
25175471
24038454
24917260
26130148
24945160
23986141
23677284
24542455
27606578
24970316
25762857
24613555
24630340
33028591
17735474
22911855
24751615
25031380
23911284
25347596
25358127
23042738
26293746
26461776
20788076
19991418
22857517
23659261
25491192
25475532
26621774
26310081
23576349
19333899
24659208
24375325
24399872
20872091
24898383
26056505
26031553
24258122
20944542
22458795
25797417
24462558
23874317
23814782
24383425
24776568
24277044
21966921
25030368
24766916
26869251
23598713
26990594
23754616
25277868
23557673
23647898
23218575
25031426
23227643
25024384
23707929
23290283
25230394
20788999
24809823
24289870
24816685
24787773
22970782
22256653
22334774
22244729
23393356
21398885
17185910
17234015
25206296
25416064
23421211
24213279
24193232
16988698
25261781
24959673
25888317
24875455
25784997
23588814
20862867
26446071
24259697
25927287
26754996
26056415
24854306
23451068
23601526
25063196
22946798
24937556
24732221
24017799
24670592
20017743
23868759
24266694
23628886
24424060
24967818
26195961
25673824
25883187
24150865
25878619
23788816
23476133
25002873
26022170
25757975
20918757
24662651
21418100
21568670
23550654
23407441
26533190
23887839
23499938
23632104
24726505
26031328
23308958
25093706
22201888
24479725
17141203
23545681
22665930
24881508
24170440
23499736
22623607
22084574
25409067
25643202
24620777
22530119
22871085
22562362
25737049
24587590
25250936
23151750
23211826
23433091
25132473
22953165
21780486
25174098
21692713
25306376
24603723
16211592
21316333
22383396
24777063
23276806
22625182
22296659
22468852
25999152
25173019
25041910
25457014
24682046
24371095
23159468
26188288
22483679
20465336
19998910
21065974
19847193
25007644
24700203
25486827
22807950
24066692
24754450
25336639
24859908
24274322
23872134
23394909
25519406
24912086
24150280
27566730
26257138
25837625
25709802
25680597
25523704
26322096
25422904
25239709
16546707
23182148
25308559
23867387
26746244
24792948
26205568
24928939
25054759
24785523
25433029
25196037
25770462
25036129
24278619
22198581
24398163
23998269
25394509
23994804
20796086
24989059
25802277
24206372
25277779
25378444
20100678
25407897
25599147
24993108
25100028
24639588
25697292
24056544
25045466
25364426
24502877
25339721
24008192
24062439
24546595
24677748
25223396
20789629
17523726
18450412
20587601
24384010
17035632
26439051
24576363
24911343
26369570
24756228
21540523
23610863
25894617
24333070
21589078
23823557
22870770
23696228
25131483
24067502
23202533
23931872
23706219
24649848
20584834
25182468
25692432
25699025
25139583
25898555
24787098
22698374
24811286
22552800
25888947
23514293
22455104
25510947
25269431
24607188
24045137
25472291
21057650
23515981
25609339
23305448
25817668
26035783
24623432
20792621
20801487
26065685
23998314
25134116
25551469
25546745
21651808
25496164
24194785
24107440
21930763
22978455
23681897
23600896
24132235
26575648
25116229
25573947
24996776
23833861
23384806
21871611
24566170
23410478
23708153
24257627
26298358
25978092
26155303
26957249
22462192
24120489
22939102
24688661
25514007
24089979
23082270
24227950
25257822
25164018
22955460
25949585
21815968
20353488
20192928
23823129
23250346
24624287
25069766
23510378
24015436
23184938
23848486
23150018
24918115
26341198
26192473
25081061
21295452
26866596
25827837
26061050
25044971
25257147
25279016
25381347
25367823
20924292
24483842
26323581
20645989
26460763
25422904
27584033
25222519
23135798
24491650
22109188
25008588
19584167
24451780
26760576
25641604
26673591
22556894
26647919
25091658
26902709
26856629
24163712
25410529
26485513
18123037
26018885
25607967
26256621
21362052
24214652
24700967
21379693
26724059
25792647
24994459
22479089
20433341
26213758
23703114
18711121
25214756
20567778
27079019
25888048
18045659
24204437
23549123
25422544
24722320
25769359
21535415
25696302
24980778
22803675
25427832
25362446
25069496
21849290
26140070
20634356
23545456
24972431
23014568
24495272
24891341
21429575
25183234
23301825
23432213
23332673
23672896
23559541
20694072
22365397
23171618
24827531
25302912
24126047
25067673
25207669
26270323
25568074
26037582
23975499
20151573
24856195
22331759
23773561
23253405
23293051
22334864
23212770
25237751
24346727
27152617
26813226
23215830
25795414
20575181
27784193
22126716
26433313
25984235
26940666
25226501
26783616
26671431
26156810
26057157
18521085
29796214
27172327
28602025
25856862
24826923
25712479
26917222
19926235
27635738
21668165
22195409
25214553
26846548
25956470
26062827
26100110
24816820
28050526
24193435
25557116
25028636
26392251
24544097
25150856
21011636
24507445
27328073
25475307
25950148
21433827
18123330
26040192
20129478
18284070
25905935
25816407
21365314
20489524
24661975
26534113
25697765
22598632
24736383
24773125
24935711
25194776
22677157
23569801
25060541
25121449
26393353
26426226
25528092
26911439
25859202
25234038
25281244
19168884
24150999
21581810
25562539
25739097
27027606
27472275
23825176
25200581
25690047
23461869
20898011
22083269
11940747
24297497
25381009
27078996
26641776
25852115
26272910
25979060
25584027
21190670
23199968
24365740
23790009
22862693
26403073
23580016
22770352
22447409
26101685
21725878
24081699
23193240
22596584
24425230
23412661
24455717
22708139
23504169
24817361
22130563
24992366
25969160
24543828
23944764
21870845
24739465
24495835
24464785
23464884
26092730
23807919
23139870
24813671
25139831
21577400
20026000
26371505
24119477
25111774
24637585
25731470
25862780
25801557
23213963
23762716
22607317
21749075
24133225
25540872
24361442
23902082
24777715
17454921
24435468
22970895
25377049
26429668
25457801
27792743
23759836
25328763
23851299
24290747
23376099
24432205
23385301
23782877
25014439
21718948
24836283
23818426
24814031
23977592
24822311
24495565
21264065
25440836
24456280
25136816
26273766
25325388
20990891
26962806
25428574
24778795
24748375
25277464
25636204
20495576
24345467
23987154
20977099
24503980
24920388
24168054
24552872
24170484
21463843
25620499
26034995
28003141
24551208
28305113
25072691
30381958
47199407
41980434
46271438
27051209
24807483
24410762
23546311
20644234
20074037
26001695
23801438
24974636
23652781
25626124
26312128
25217366
25886719
26024600
26123240
23140073
27412717
24424802
25244074
25127186
25107161
22982213
25590102
23423033
24773800
26541808
26776979
25684197
25951633
25423782
23250953
22713427
16786535
19893993
23083215
22178714
25308874
25985810
23672356
25710815
23771986
24949211
25398446
25717857
21472842
20527414
20874094
20290106
20956714
20844574
23413021
22076811
26109988
26212251
25082411
23525498
25087991
26003450
25822729
25513804
24907159
23109968
22568639
24086469
24596320
22218966
20351823
20303471
20275908
24828003
23234731
24923246
22178984
24799585
23671704
24202300
25378804
24403112
23704059
24504115
23498475
22701682
25510811
25520531
23724579
24859953
22595189
23532068
24487555
24351925
26150105
23528401
24364547
25014100
25767200
25638724
25262659
24537302
24686050
22979040
25582451
24610653
22945943
20242046
21572608
26277771
26403433
24500357
21154850
24440058
22697565
23919294
23913534
24386238
25808442
24605095
24870033
23327048
25313621
25817240
25740897
21018206
26464971
24893298
26916794
26717533
25063060
23402941
23260065
26120383
25406367
24274209
24277697
23377155
24348640
24247952
24802420
23153528
18437993
24351294
24380814
25708069
16328975
25379209
26546241
24062777
24371658
24771055
23715421
22696259
24393864
25806822
24829061
24476260
24426399
24441700
22527622
25354368
26661216
24724390
26061905
25099826
23964992
25218694
26007995
26046582
25505209
24136869
23327994
25733877
23418038
23665246
24747341
24681933
12346310
23112420
23735919
24808788
25200941
26812483
25863230
24714333
23502728
24603610
26035153
22469212
26590656
26180323
24843461
28544086
23385256
25820322
25702850
25016216
25832427
25237954
25718172
23478429
31218936
26206446
25023730
24519145
26427554
24669445
23608546
26573151
27373883
22170186
20689594
24167334
23797096
23327161
24694803
19332055
24005762
25382674
20365481
24735618
25836140
25419124
24127397
23942042
24677410
23491299
21096822
20159966
24469217
25583801
23107965
23714521
24797808
24153227
22620817
21060911
22169939
24104312
20326106
26115387
26686597
26860094
26156180
23927552
25737364
17445651
22467906
25755410
24758837
24799540
23589466
25653214
20306868
21043137
26856381
26262425
26498969
24402099
26536949
25739615
26114983
23018055
19548212
23121601
26259118
24897123
25066774
22845637
23149680
23251673
27010934
21938031
25599596
25489729
24869089
23809651
23467606
25490607
23568271
26034253
25519024
26182978
24688436
27065092
25391426
19925043
27382793
25968417
28532386
19971168
21009972
27032399
23437118
17041483
22414807
23537784
26929484
25396849
26418215
21828726
21735373
24594250
25383056
25631367
23824119
24172509
23642071
24827170
17353739
23359764
24482357
21391348
18890739
21425997
18377760
23099820
26131880
18509340
26986454
24367877
23649721
24174534
26894159
23171438
22935412
23418444
25359859
25706967
25856840
24722793
25088621
22896758
18105802
23666168
27882135
24172397
25696392
25903708
25117263
24053821
23100855
22810492
25669526
25408797
25469322
23594168
21099522
21034002
25024788
24823233
25267203
20316385
20915989
24461612
22956427
25380109
25025688
23324843
24083904
23374028
20067130
24656913
24859841
24688998
26154065
25732167
24364908
24253847
25778675
25900647
21902548
25903054
25588302
26323288
24116237
25516999
25666669
26740753
29225432
22597642
23697039
23768948
25524514
26118425
25736779
27083024
23022555
25177384
24126182
24553030
24743943
25251027
26963414
25414309
25419597
23527839
26218596
24667488
25094336
26792706
25227492
23979909
25828782
25339384
24498490
24241337
23996131
24038004
21209727
25940089
21549523
25656612
25744767
25738332
25278544
24732715
22938337
22983585
24213684
24772361
23912814
24567363
20434916
20561816
21763723
20492764
25375249
20596444
25166404
25860260
23312896
24507152
25334501
20433498
20056690
21035960
23054752
26671004
27012261
24909251
25754217
22986173
24799788
24776118
24618281
24573190
23597026
27357840
25903167
18162052
20567216
20468621
23341920
25781465
24811758
24215034
24556518
26789331
20580559
22666762
17917341
23740171
25242319
25729827
23635208
25351039
26730336
18766785
24588445
26741969
23520234
25019861
25991233
25724945
22827323
23759814
24031547
23997302
24875343
24973309
20994087
20336658
24391367
22994970
24986606
21364325
24655427
21552808
19493402
22103901
20042447
27054764
24594295
26061162
24588963
24673023
24582032
24198362
24315880
27275714
22731428
20900037
19492300
20460228
26094486
23797501
23495753
25525685
26622966
25386004
22027491
20548159
20494159
24795041
23111948
24368170
25937773
24389343
23946856
20751694
26665648
26981864
26719761
27051907
25375857
25617507
24612476
24447258
24096932
25720129
24400548
19425069
23270123
24136307
26156383
26884439
25531759
23841624
26250590
26330938
25758942
27647528
25803897
23140591
27182519
26237136
25124216
26128910
24751435
24756317
26348488
24849175
25721839
23622473
23912432
25585782
23537559
24198834
26176048
23705679
26602356
22342221
25156886
24823368
26208673
25912820
24799248
25010951
25390459
25010276
22321589
25004944
26075990
22450379
24244667
24507423
23463195
24625863
27070851
23633431
23285041
25070509
24327512
24526817
22823497
20516029
22013293
23482793
20888135
25457577
24313158
21534380
27899573
27467640
26415628
24033571
24130502
27666338
24600190
26102450
25312362
26786677
24008012
24843843
27144427
24141886
21603523
24865533
24780640
23899877
24119229
24219445
26024600
25447699
26087983
24331923
21630455
19337409
24330123
25376036
23596733
23996379
23606971
24751098
24785456
21051732
24046194
23375918
24882385
24626515
24069842
24800170
21655183
22299382
20515601
25177699
24771641
24403697
24779696
23960649
24054385
22676572
25301921
24092971
24522295
23359449
23625241
23380126
25814967
25976765
26018885
25426256
23591221
24588243
23763144
25590214
24757105
25741032
23344305
24888798
24317072
24527920
20694162
24261564
25093728
22725667
24307982
24161732
24838623
25865750
24021669
24496510
25041776
22722179
23149567
24267280
26347813
24840288
23221906
23165588
24760931
24940728
20599459
22904790
24318288
26218572
25946705
20966007
26404288
23489228
24475157
24928015
26929236
22540132
24486340
24414542
23534791
23868646
24702160
20055656
26274058
23379518
19947745
26078847
27131084
26688329
25239236
24945948
23393400
23987199
17951992
23297123
23894252
24652818
25162308
22245201
24548823
17998544
20773001
20752683
20551961
26175485
23682481
20602789
26121553
19541327
23167230
22730707
26488528
24708100
26968252
25869777
25754937
25559007
25507752
25163096
26574388
25975078
25302371
24713928
24316443
25489144
23372836
26119888
25146153
21015507
20263578
25368297
20776107
24816033
24715975
26903429
25336684
25841832
25197543
26275182
25921933
25870407
23776014
24360677
22725825
23300026
25246729
26106995
23439549
25169486
25067764
23824749
22681927
25525572
24514870
24019127
23668149
20614128
25463224
20601821
24787391
23554388
25445269
23188785
24927948
25507436
25580674
20086638
22423109
17101693
23720281
25652831
23163068
24559645
23212996
27226867
20598356
25636429
24854486
23148510
25298524
25405196
22383037
21404667
26041790
23839712
25596672
25167484
25331599
25661202
24475675
22946010
23526399
21465328
26821979
19971843
23149995
25402722
24210467
22308404
26004845
25268531
23486686
25136276
20580919
22607272
23471724
24427165
20437638
23561228
23572568
24902433
24371185
24972994
21161262
21194742
23736954
26091448
25331531
25941305
23912072
25415097
25937997
23459641
24663415
23994760
22752060
24429347
23748789
21926443
23506958
24944756
25882558
25446551
24977515
24581290
20022918
23283331
26272303
24301683
24210040
27221804
26925839
26772659
24743853
26194543
23200800
22580520
22514122
23319758
20239413
24785320
22745602
25063714
24137702
23203725
23567551
22718332
22915027
25872072
25239619
25563102
26308258
24535255
24761561
21180792
25562269
23126977
24642130
24525108
25837377
25542244
25817668
26019785
22868970
23369483
23532226
22150476
26587416
25408459
25308379
22164921
25231046
24619901
24732355
27152977
21758616
19014736
23338118
23616849
24185560
24896111
26194903
25566814
25700217
24927386
26190651
24578928
25434042
24306947
23850556
23860839
26877104
25020334
26951489
25428056
27369404
26445576
26849024
23586676
23859602
24687130
26099165
25274179
24184457
23451360
20130963
21023270
21443840
21188420
22897184
19933165
23205525
23090707
23307405
24205967
22614967
22966080
25724000
25540579
25158821
23564558
23144483
20576216
25339834
24665373
24630858
23496226
25657040
25513445
26480630
21445392
23450596
25148921
24689718
26414795
26581746
20618898
22600342
22658932
23853571
24624805
25742292
23890112
23941186
24584845
25585512
25516166
23640722
27693315
27491152
26535733
24102467
26648076
21821054
21035217
28356684
25496321
24837656
23466548
25412104
25573902
20012455
22920112
20326894
20409288
25945310
25032551
21760978
23493841
21931506
23076668
25568479
24730938
24302020
20680706
23857846
24262420
24600257
25633347
20916439
24290950
26072097
24254275
22193699
22306739
17627271
19838260
20643536
20331281
22913880
22515877
23100563
22986262
25297354
23130487
22507416
23094466
24249437
20808282
19974565
23714499
23017448
23416261
22569944
23566516
23568046
22319317
25119738
22869893
24155769
24641028
23250998
25190591
24787098
25004538
25632649
24514893
25969903
25125251
25236627
25441804
26016770
25035070
24695590
25389132
24845328
25156346
24116957
25250554
24768288
23106772
25192796
23338478
24875838
23321288
21547857
23762379
23489026
23775541
22508654
23270123
24503530
26066630
25472382
22651867
25615302
24307645
23461238
23035560
26487426
27086850
26958576
25257304
22664310
25330339
23146283
26297908
24050739
20365549
22880737
22451819
34968725
25386814
24225182
24281365
22461944
24401065
24295922
24330303
25958585
25391809
26140430
23216145
23870941
23206380
22720514
23638134
24742750
23064788
24920658
21249619
22602795
21471853
22562317
25327526
21745025
21314488
23968277
25719792
24996618
24266245
23780806
23677171
24400908
20839331
27143707
18758326
16798100
23586159
24638935
26842904
25518754
24985391
22493489
24187157
23705071
25116318
25272132
23077477
26391733
19069929
24767703
25054308
22611479
22277983
23165970
22899930
24118015
22926277
24877211
24127442
23725164
25897205
25005640
24595578
25419844
24521125
21047614
25729827
25245086
22513537
23720596
26827761
24298464
25275551
25601171
23051760
23185028
19757440
24710396
23061368
25502644
24440687
24206125
21301122
25052486
24445345
25183121
23904399
24911996
24170597
23178571
23110373
22486762
25225488
24468385
26199448
26107198
21889700
20728181
24527110
24541667
24799315
24326297
24957199
24199442
24822040
24616030
24072384
22868137
23533261
25187711
25593207
19586035
24848996
24185740
21063320
20204988
23955654
24218073
20857692
24115292
18788184
25295149
23629696
25994405
25334276
25971162
23644838
24320763
26398123
26613584
25347169
24831536
26404131
26783819
19451125
20490964
22091773
21545855
23862707
25095731
23052030
23432618
24142630
23629336
24930671
25285902
25423557
24206282
23331750
20992309
24054992
26048405
24824291
24492055
25887980
25937277
24727338
25060024
24515162
26008490
24012602
25263536
26390113
25566589
18239655
21000409
25428979
25014168
22844624
23295615
24171227
25010140
24495520
36917070
23466593
22283023
23489318
22896128
23155440
23836606
25107656
22819694
25189489
22156056
23974149
22867732
24652503
25155041
22321746
22813170
24062822
24695343
24402303
24658375
23633048
22778722
23652061
25051608
25868832
22706475
24093040
18978016
24921671
23918147
22691084
24935891
25445764
23815546
24192512
24530845
24108970
24259698
23229488
25723077
22955999
27180809
23521674
24957198
22663252
25978610
24412788
22773254
22461314
24831221
27077647
24225610
22940025
24869156
23691166
25448666
25600722
24023875
21546170
26140273
24412900
26479910
25705099
24019892
25267204
25305904
23204513
20907214
26386986
26256598
24662942
26462136
24457112
26508103
25034306
22695540
26183901
24497253
24020971
23328848
23288325
23977772
23748631
23673211
23397496
25081758
26932566
24272702
25513017
25786505
23947711
24867310
25407941
25970825
23785374
24740207
24660963
23756731
25140821
24780527
25305656
24536313
24926643
25304374
24847983
25110221
24764418
24942866
24624220
22447320
18449693
25468151
26049957
26429825
22700895
25598786
27704520
26749731
26060578
25823877
19136731
23283893
25768032
25471077
20513374
27605341
25358622
25748209
26803191
24013727
22982190
23111340
20056421
22417664
23702034
25070755
21600552
24898900
25057953
26732091
25450646
24764418
23401118
22690545
22549199
26042735
26601839
25302259
20193783
23795544
24192242
23815501
24222189
20508649
17426481
25279781
26431266
24835091
23392569
23880819
21045545
24981566
27138442
26798511
26802652
25465811
22308651
21968203
18871028
20827609
22682670
22478729
24404935
24267820
24223675
20797549
25283066
24017192
24154914
23080065
23302231
22992271
24846116
25567152
24661795
26442179
26836109
26008558
27508635
24319795
25232441
25899049
22270176
23834717
23780716
23533441
23162483
24788740
24642062
25204002
25405264
22486514
25259374
24826630
20292468
24591212
25214306
23478901
26101820
11618839
25952195
25370389
23577361
24813986
27221782
25038131
24673563
25450331
23070413
22824015
24374897
25601869
24736203
23958489
25091051
25951925
25054826
25062769
25689709
25789542
26400149
25112966
23951289
26608858
27005332
25278971
19223266
24364052
26083663
23600829
24319300
25143566
25571246
25304734
24183422
25403081
25257551
25148583
24663056
24232720
20912299
25636699
24155342
25500237
26313635
24703915
23070772
22753005
25127793
24194132
23854179
24112299
23460968
25801805
25161071
26242288
22792470
25767942
23942716
24031794
20402629
25820210
24758680
24542905
25563012
19927000
25534279
24972431
24206372
24322269
24137972
25309031
25480526
22105949
23801799
24548711
25498302
25830852
26611221
23401254
23292758
24983815
27349695
27156397
20307791
26547771
25487952
22346834
26504368
21965323
24379284
25239304
25228369
22866247
24067906
22308944
25081084
24036564
17379164
25298929
23640249
26391644
24847489
25380289
25202629
25006766
24984310
22827187
25565194
26132330
25434942
24517457
23164958
22912800
24365492
21229684
20653998
19742995
20745214
25569334
25320551
24821230
24663011
24559892
23721429
21141462
23089582
23673953
22968398
24838781
25575117
25654565
23994197
25455957
24894783
23035965
22892392
24593665
24245994
24564910
25635057
25153714
24032852
23402851
25048841
22315311
24289734
24400885
24199757
25224184
23292601
21294125
25130448
17189624
18067034
23745729
23603506
20917474
25759190
26045232
24995943
27160064
22795508
21408245
24652750
20774959
22330476
22781895
24364705
22261131
20220446
25964232
25912662
21175370
26301103
21062870
24833516
26110483
25261039
24190667
23276918
20766589
21177282
23085420
24987888
22915770
26092347
25850720
24056881
25902065
24334285
25239709
17883389
24508773
23874946
23559699
24209252
24847893
26571081
26097770
24775196
26132038
21419517
25936018
23065125
20725211
22231971
20524354
24304832
25407536
24288835
19315044
20517063
23934955
22204364
20462185
24710215
24880293
24632320
25343501
22327867
23991294
19572287
23803667
26973314
26265913
24003511
25883030
21962421
23461959
22536036
25958967
25253794
25451861
24440710
24611687
24771393
20464953
24202142
20160393
19931320
22740809
19792652
24204189
24503058
26273586
23790549
24160877
24644628
23033558
24844293
24839681
22232084
25411294
22526362
26810842
21705673
20699088
25825137
26541583
24509942
21229460
25357024
25719320
19480981
20914954
25907217
26658921
26240803
24612520
24073104
25518304
25734259
20649522
26449153
26018728
25167146
25397389
23149927
24197305
23927305
23596396
21090409
25653890
22228596
24013726
19558247
23259863
25283944
23551959
25880690
23741431
23991002
24236005
25386499
22903350
25416626
24186437
25796225
25029085
22651597
24866051
24287800
24951371
25670247
21371570
21187565
22998593
26550268
24124202
24154285
23633071
23695239
25012571
24457562
24940548
25101851
23220128
25411834
19234493
20006110
25201256
22970310
24194717
25068506
24416680
25132518
23041140
25699339
23196458
23624476
23556481
25895787
25257101
25079396
23578284
19559080
20457978
24875771
23726109
24056454
25758807
23543634
22905689
23038395
24591190
23882507
23535759
23981642
23164530
23857149
23941906
22398809
24019622
23377065
24926305
19319499
24885536
23605801
21856963
25673847
24811128
21014134
25072759
23936236
25469974
24699977
25820502
26024690
26448523
25808532
24801723
26268208
25631749
18576120
23219115
22833217
25398649
21075739
26371303
24806650
25592780
24452072
23992374
25772285
26560348
25283043
25816790
23734051
21316084
21390177
24530890
22152727
23674831
20306464
24286337
16736495
24518628
23346375
22954695
24701305
22947630
24889991
23188133
23573896
23489611
24117024
25829300
25630129
23078242
23885724
23251966
23872022
24084849
24611125
22732349
24372197
24014200
25442524
24739668
24477047
24999835
24077155
22214669
22625879
25854365
25632087
24170192
26008130
26526959
26394231
24037172
26116603
22962345
19930915
24464875
21358294
20496656
19556244
23512134
23408206
22454362
23402131
24633558
26545229
24994413
25839155
22556736
23994759
25520015
26348870
25102976
25268396
25918602
23612371
23714319
24608897
16235374
23189843
24944148
25749897
25832180
23176883
24242867
24655202
24254860
25116363
25011446
24747160
26418845
24846521
24257289
20521451
25936737
25255751
23184218
23475369
25051631
25080949
23483671
24504498
22658325
25213991
25429249
23665854
23791449
22876620
22576581
22143366
23759004
20447066
20676477
23111070
24371545
22026951
22635352
23129115
22764907
22075033
23061930
26510623
23374321
23070751
26302632
24847488
25182244
24372107
25215476
22420161
24690077
23825784
20907731
25899657
24006999
23161110
22933297
26088072
24377552
23924221
25293776
24934180
25082861
24492797
22322804
23769286
22927650
23728336
24397870
27015614
25384744
24704906
23235270
23594146
25471279
21913506
24505195
23596463
23840499
26405345
26226313
24250675
24783903
23506801
25386049
26919111
25088531
25340734
25383664
22883820
23830801
25474316
23907931
24083859
23652151
24829398
23871549
24557012
25235817
24191275
23777409
25827454
24684318
25212034
25194191
22836637
22032306
25410169
25864332
23769354
25432331
25297219
25657805
26001560
22921463
20127116
25610690
23412076
24085344
22586032
24054699
25907420
25497761
20770977
25536304
24963656
25626821
23085398
23718481
22790962
23197065
22966620
24461590
23594911
25407627
23641554
22902518
24462557
24279408
24969889
24737035
26679261
26519758
23703429
26371573
24279970
26813091
24811466
24391592
24641005
24082239
20891756
23709797
23185163
24232359
23971134
25004134
25132586
22885350
25826690
25443717
24932088
21511565
24902974
24521665
23579161
23511863
23987155
23143516
24577533
24873183
24578050
24792498
26348871
25460952
26419543
26294713
26389618
24479050
26838472
26333120
20306126
21089014
19952875
20076490
20381478
23645086
23840679
23599096
25530657
26475793
26348105
25836545
24329514
24398252
24500920
22778227
22142849
21259430
20203346
22652812
24181465
24960798
24415442
24860808
25736015
23636829
22390844
24928061
25116229
19655379
19222546
20182150
19798638
20799799
23846101
21872646
24024415
22321567
18245483
18688193
25471234
23655368
23411626
23494381
22767112
23572816
23973609
24245522
25872679
23187031
23467853
24875770
26542775
25897902
24591820
23262428
24432700
23050860
22648807
24724166
23315820
24632388
25128716
23928182
24916653
24558408
25133756
25722694
25671619
25612152
25620454
24998981
24152710
23748721
25245693
25164243
24330820
22015251
24467643
24927880
24876266
21105462
21377690
22926503
21402373
23498633
22776787
23618806
24432295
25398222
23452958
19275962
22635172
23268301
24130682
22992427
25623244
24154712
24713366
22758472
23629673
26008175
22538714
22573004
24688413
25889533
25275596
24213280
24548598
22019143
22053794
25423331
25527394
24833088
23149568
24936318
26183855
21226737
23784294
23404381
23969064
25713402
24500312
27644805
24528550
25264684
22934715
12996291
26963167
26300631
23566111
17937120
25232756
22536622
22894755
26728401
27258322
22603514
24990836
27539820
23830891
24788965
25253614
22935615
26901607
22830225
26971176
20357785
25840909
20924112
23595496
22911810
20206720
24414002
20404000
20473661
23210970
20073048
21318538
24984243
22869915
22794810
23989787
20415318
24565091
25319786
23608096
23119508
25009893
20487904
25210278
24544682
17184718
21015439
23163023
23774529
24753011
25074041
16646090
23051153
26610254
25460119
24562255
22275351
20552141
23681694
21279544
24651535
24859976
20974242
24968246
23300678
19801450
19840825
22371202
24006684
26124073
23719089
25698237
25337674
20094626
18531796
19179369
19909900
17156525
23445421
24121727
26490261
24974524
23202173
25001164
18701670
17640817
18086632
16902635
25046478
23555109
22863322
20042133
20922852
23955316
25557702
24707087
24486475
24905223
24322675
20814469
20710114
25182918
25737747
25663812
23605554
25635597
24952181
24464200
21873276
20074015
25526022
23756417
25618721
24267954
23542216
24616121
25058786
21562528
25952262
24772630
26250973
24094299
23850623
25496591
24860673
25253569
24387205
24824133
24540588
23930027
24267100
20313281
26060307
22726567
22757122
24035214
27190979
20879269
20553064
23392681
23758419
23267108
21372043
23842659
25585106
22663995
24640353
23819304
24814930
21341172
23077275
24247277
23607286
23969019
23575853
23539965
23488103
24083342
26151590
21276485
20536188
23716457
25962320
23168131
23394571
24392943
25014146
26061590
24071619
22567447
23097480
24703015
20341203
19139004
24422057
26324683
26352651
24299320
25455799
23580849
24504003
26010853
24996101
24589435
22654320
23213220
23499690
23133683
24219962
22222927
25634652
25572732
25273009
21377825
22179726
25895585
23901699
25184381
24487780
23921296
17016148
25703929
22740944
26076620
26703404
23418466
25126826
28731602
24559668
25149528
23908696
22535227
22002786
23344013
22348589
21927005
22660304
24799743
21179712
22703054
23934819
23227305
25507977
24399445
22985093
23011755
16631510
20720891
25601959
24404215
24660872
17601216
24328457
23065778
24111737
23908134
22674614
24244577
20173533
24644538
23325990
24046869
24106674
25405039
25507976
24159235
25086416
25029783
24913683
24398432
23176838
22551742
25319651
23592031
24444332
17742426
24713230
25207759
25431431
23563816
22414649
21701060
23386763
24046846
22966057
22343864
24500358
25813055
25492159
25103179
21801478
25810715
26518679
23120161
24301862
23025705
25295689
24539575
24479950
24306227
20164331
24986605
23557066
20114695
25063511
24858760
24780303
24148502
25254649
20015898
20681112
24612272
26249263
21541917
23995164
25770530
27267097
22433212
26711661
18482948
24217262
24871181
22550324
25666760
24287395
24400975
25543774
21785053
23431763
23425531
20187101
22583692
24000901
23386134
19946980
23304413
25189849
24318332
24198564
23381003
21570740
23696858
24571052
24558722
22450987
25808442
23078400
21323060
25794942
24303572
24458957
26023610
23126325
24352375
26014160
25268801
26909593
22429972
24047702
21776661
24462873
24186167
24031569
23693304
24830230
25977890
25487682
24914493
22578472
24516108
23538953
24721286
25608799
23799548
24079720
25742742
25541794
22913384
24779988
24965973
24702453
23817302
23169481
23236171
22956090
23338276
22357679
22501161
23338275
24209724
24674507
24905381
23489858
22770780
23130915
26079140
25931202
25041686
18751328
21459005
25728117
24304382
25039413
24634548
25093818
22130608
20826349
24547675
24037487
23896321
23574346
20950302
23755899
26104228
23389396
22041036
23187458
21822831
22244819
23484819
22364406
22121699
23213895
25742202
25971207
23146351
23910024
22548839
25320619
23937316
22809390
22656862
24794928
23750431
24789123
19320624
24166794
20210725
25049875
22953412
24482920
25566770
22340579
24340203
23443688
21567388
25023393
25131146
25260049
24630161
26527049
24308027
24547810
24168077
26736546
26386153
26988074
27621473
26378278
24810093
14935906
26908762
26461033
24969349
17293573
23563839
24615918
25732370
24794073
24920140
25228616
24048961
24359507
25008656
25029131
24762911
22765559
19246621
24421810
22743577
23638088
22901078
23681401
22383306
25638994
23738619
23931107
22454137
22997963
24718675
24127712
23222153
23277660
23669926
22514819
23378011
23140140
22504987
22520917
22786215
22252357
22649527
23013622
23097660
22660642
22769160
23886219
24323215
25390009
25215544
25520284
22305996
25130133
24773981
24656395
23315798
20294965
25599147
25370344
24754023
23096985
23952841
24569861
23508916
25316389
22345574
23589286
24661795
22908615
24656620
25849775
22560427
24684700
22442751
22506562
22432514
22956180
20991837
23291971
18319058
21266517
24127307
25252309
22787025
17708204
23341403
24577263
24701395
23471206
24865106
23790369
23629066
25025531
22513582
21777201
23028157
21846230
22438320
25317266
25444684
25425357
23354453
23932839
27072360
23923636
20432756
20662909
25397231
25995890
21679573
25826577
23619976
26814644
25563890
27181192
25483002
25927130
24872598
25566027
26152243
25517314
23853684
24243767
24679862
25364697
25262007
25686739
24405093
24320110
25145096
23858296
20941819
25435346
25391764
23202758
24709878
25829277
24661705
24312437
23913219
22128269
22003708
24404462
23344081
24887358
25859810
23946632
23150243
23395516
24448833
25996858
25296723
18186105
24583676
24360475
22970445
23025435
23848014
24888686
22560270
24487465
25214351
22779352
23240175
22782119
22919257
26229756
25561797
21235490
24513903
24221672
25461289
19518220
25933047
23989382
22805677
24822401
25343951
26274688
25860889
25119671
27130207
26424156
22418565
24688750
25858819
26548603
24199892
23973924
22362539
25963692
24085682
23461553
26366758
34698612
23657709
25391629
25677065
26192316
23871954
24405183
24648205
24952136
23502976
26755491
24386709
23955339
25528541
24211772
23459483
25967495
21660628
24005515
25087586
22449007
24992073
22659134
20192950
22552192
24286990
21010512
21466408
25959305
24645910
25428034
24537460
24767523
26105781
27394762
25001568
25019073
24021331
23826009
22750619
24837746
23265195
17574239
27447119
20539203
20038465
25037186
24610877
22482330
22648852
25227177
17188633
23653253
24272995
24611350
24340945
25928187
25240766
25590057
23575763
21215375
21230922
26663916
27172372
25441602
23398508
25418246
21459636
24882835
24304900
24744168
23021183
21002929
23147633
20038376
22327147
23397226
22645049
23923569
23591513
21527405
25074334
25292876
22129326
25274832
23985242
24101994
26913891
25014843
23972866
26111967
17969677
26175553
24871181
25969137
23184285
24744933
25354459
25133396
24160292
26781883
25726407
23896097
26252593
22018603
24482852
23111813
23252551
21036162
24592563
27243764
24035844
24234317
20966277
22969230
24706233
20823177
23148308
24560456
21665331
24794478
25889938
25042788
26995004
24978663
25404049
24982849
25629117
25660167
23069828
27569250
24168347
23445150
23403008
21250070
25672992
25503071
33147032
24152912
26716206
22938945
25356439
25148021
24760976
23818179
23807604
24815021
21156132
21675410
24004569
23306933
23425666
24734921
24281455
20994874
25627159
27101002
23721856
25856884
24135114
26218145
24916226
24468475
23707816
25539139
24847038
26580846
22994138
25509281
25050056
23289901
24194110
23644164
24362275
25358869
19868928
22948935
23059996
24208577
23832287
20838207
24417534
22783493
25216759
26158565
22116906
26455925
23201115
23409196
26401790
25005370
24096460
23909056
23329995
23584269
24447325
28442679
25485859
24733301
26312533
24314665
25869687
24878223
25908297
23064315
25647724
23333911
26426068
22186971
23892069
26050497
24076750
21484903
23970887
27630315
27910035
24345692
24880788
26138653
26203745
25728027
26625329
25302776
22850092
22999920
26784854
28060560
26281393
24913616
24904840
26141217
27460125
25826127
22835804
26107310
26938506
27005264
25414624
23748023
25069788
25530926
25775143
22671779
24832795
22547579
26909302
26281213
22514055
26626206
25863364
24454795
25962410
26230071
27071166
26382846
26332400
25186361
29156043
24643277
24253869
25469501
26620266
27684563
22737795
21028242
24016247
24665170
24448675
26920574
22594852
25529621
23779299
25639647
23986681
23875419
24506072
27054090
26086048
26023947
24214742
18391868
20266796
21740953
25587807
25035183
25961375
21475700
20507433
23518793
24281500
24363760
24461973
24315722
20161405
24883376
25177631
24410965
23088458
20355806
25629927
25449882
21185427
25209671
23353463
22179096
24918049
25114249
23711686
24119724
24326882
26096510
26699646
26098018
25369264
25935140
26479888
24849220
23482006
25545507
24658353
25186496
25492204
26139125
27269887
24953756
24081136
24997383
25949562
24211142
21344930
23772999
24903220
21252680
21558500
24455988
22237574
22722877
25454179
25519159
22271796
23814691
24822288
20480209
20428166
20679896
26724846
23954755
24658330
25921482
23304098
24652705
25630782
24780101
25556239
24646248
22793055
22385399
24294032
22661654
27105524
21259700
24854936
24646765
24641411
23164373
22492566
17597323
17764791
21560503
24408332
23965307
24563943
24163397
24661728
20442813
25512229
25033811
23409691
25204541
20299736
24648588
25367689
25515312
20081463
24032064
26350828
25305814
23173508
23579611
27112387
25924137
24910848
25586502
26976937
25992402
24730870
25046973
24546910
25468444
25018825
26922554
26004507
26328125
26402691
23051332
23824547
24954835
23859691
21027184
26283912
19868612
21149337
25606505
26047325
25015811
24640533
23994174
23332043
25621534
25281897
24422057
27108990
26206985
22358669
25586547
18567278
18712493
23541834
22153401
22261447
22713247
25976157
25834384
25398852
25444977
25685435
25118096
25069293
22911675
23585934
25775794
22681860
20664618
16952158
26636556
25776514
25999602
21218952
22386344
26206647
21157549
21316153
24819835
23650486
22572577
22628197
23117168
22830449
24165669
23252573
22045761
24851065
21609778
17353175
21911481
26052208
25204384
24418435
21989624
26287445
24724975
24920770
23860187
24345535
20441936
21210424
25310742
24805368
26080490
26151433
24971823
26470483
21467982
20091611
21023607
24970023
22821090
23215650
25325164
23139398
24800665
23224111
20062585
24172802
23150086
25272941
24393055
22401307
23758418
25459421
23876926
20910049
19377076
21599000
26640403
25781667
25557432
25891377
24184660
24958053
23464883
27083632
24646563
21788811
25810310
25283269
25066751
26590656
21341285
25010433
23057205
20461353
18621841
24636686
24814818
25330654
24240865
23018977
25340712
22475264
20961462
21021177
25512860
24450880
26232095
23887232
22224052
25840708
22694842
22986847
23243685
25282346
22026613
19496057
23821194
25014393
20251203
22936897
22969275
23887254
22241871
19094431
26453923
24390603
20176413
20280453
20163048
25091658
21352625
26052838
24676352
25706742
24026979
24211097
22458299
25029716
24788381
25353581
23830397
23445196
22996545
23848869
26912856
24649690
24723558
20137353
24332215
23438603
22852252
24316803
26349545
23998202
24346502
25850584
24267684
22854525
21814528
25294699
23778467
22289437
25821425
24661818
23340143
24741603
27499725
24922053
23540821
24219849
17296431
25283088
19877770
22288941
22677854
22604572
24012894
25817780
23754549
25677514
26264000
25233701
24105279
24139884
26405188
20811904
24987956
23219296
23194568
24793646
19980213
24324947
23998359
23608703
21801996
25468286
24170980
23425666
22733947
24677567
21038276
22574220
23200463
22167486
23819979
25734215
23619864
25127524
22978253
25222047
23778466
24807505
25651662
21067347
21400730
24643773
23290351
22982438
24140559
24118014
22854952
23155283
24417557
22977983
24936723
23460766
26218527
24022007
24226622
25201819
23589061
23725749
24419650
23830577
19408082
18015914
24278732
24364119
23007885
21255043
23510694
22392172
23829924
23549979
25886809
25406861
25192279
23512808
23620088
25240473
25642999
25486129
23301173
19074699
26364823
21568445
17664801
22947337
25220449
24898203
25574059
25102166
24545695
21100985
25607697
23609266
27281002
22293801
24521980
23049038
22910955
22735994
23987559
22506405
22411139
25041011
23264543
22617599
23596126
24700360
27436455
26077993
25347821
24933168
23177220
24155342
25070283
22901189
24736608
25696909
23977186
26071198
26071535
25212484
25820547
24617065
23714116
24740726
21572113
23558146
20663899
25305634
24463795
23689951
22693290
23403211
23698659
23358773
25816857
23125538
23320725
25968328
25341206
23208563
23442699
24070944
23066633
23376975
20782564
25990107
24601518
23297100
22434584
24949931
24539643
25709375
26211102
24627505
24917329
24568195
25606055
24792003
20406341
21027881
20748769
20522643
24258280
23718572
23160772
26273946
24984603
22338396
23209350
25110108
20965669
24295045
25899703
23041095
24623365
23618986
23787287
24475292
23067556
22945425
23289023
24713657
20182511
20745709
24718427
24506680
21224690
26195556
24438820
23004690
23399588
25301044
24281769
24635178
24177887
26698364
21202617
24138421
25251634
24447235
26489586
26015285
25984887
26293048
24797740
23416689
22643857
22765222
25912212
24479680
23570566
23164373
26769351
23072077
25323206
24823818
22343729
23875599
24356920
24423429
22193383
24739060
23431943
23181945
24293672
25222429
25252849
24966220
21674803
23736414
25317896
24150707
23101013
23378460
25191469
24176132
26207885
24501438
26174405
25702669
23979774
24549790
25453211
22828694
24564190
26729549
21764331
26690151
23918641
24379915
25096969
25113978
24840153
23418443
24532578
24924978
21962151
22554757
19401961
19820170
23379226
26631944
26032453
24914875
23296448
23044290
22317337
22720425
23237273
24463615
20587061
20614241
25691960
24053236
24607705
24405272
24928826
25554484
23983217
24033010
25743124
23561431
24896988
25597752
20747846
23586249
23810732
24070404
21112212
25796449
23411333
24638801
24783475
22770734
22630425
24993176
23238218
21948831
21546192
22476345
21438553
25919885
18643238
23303806
23812689
26210810
25982998
23214661
23336408
25244569
22370257
26511118
25482102
24984333
25533582
24499503
24101027
25425199
25130853
25018038
26059947
24902500
24097247
24432835
24165354
24046195
26177510
25104483
23550609
26724036
24859705
24248042
26510016
18622313
25697900
25469457
23292398
24977471
23229263
25633347
25721817
20087335
23553038
23491456
20444704
25690182
26214050
24480355
23887636
24766195
23245463
22472407
17443446
25237819
24684902
26054908
25351647
23671411
24190667
23406181
22971817
23734771
24424195
25912055
21227885
25155379
23895331
24127465
22665885
22397886
26325268
22906388
24894040
25400652
21940303
22047291
23156116
26986184
28435434
24707965
20550904
25268621
26602581
20200196
24409120
25035184
20375426
24641590
22870927
24134214
22003146
20783846
24809800
26116895
24499570
25003774
25604885
19753232
23045775
24969123
24434184
25201594
25196419
24316623
24136509
23684776
24259269
23107808
24085075
25012886
22624102
23521899
23824569
23046517
22795597
25905418
25752485
25640457
24709653
23088233
23977704
23003407
25194911
25495444
22929832
22272133
20884354
24280757
23148398
21127580
21486793
25275529
21306117
20916844
22087949
17166921
23642747
23077343
23977952
24207542
27084621
25047401
23073810
23646549
22765087
24986718
23576303
24765970
22965495
25678235
23434553
25153353
24769165
25892570
23319600
23187031
24243789
23668396
23676091
20965624
25473057
25814607
20369891
26178028
25241351
23897762
24826248
25358554
22466220
23757204
23025660
25197927
24729610
23723971
23231850
24018047
24152800
26149430
25789475
24380770
23327251
23649609
24132370
27307034
25483587
22997400
25062296
22116343
25866335
26677956
25779575
25819220
25649299
23280338
21006979
23282543
25985495
23686644
21682655
26101257
25971275
24374942
25623267
22699545
23219273
23886556
23705971
20695556
22741237
26201473
24227207
25761169
27382230
25236041
26628141
24145622
26701423
26996467
25775412
24333339
24657250
24873161
25790960
26574838
18577111
25243714
25267002
24678400
21652528
23230321
25010815
23930972
23295684
22506247
22267072
23959974
24653515
24183309
20956579
21429283
23790617
21690801
25708564
25810153
23404201
25705032
21354132
26444473
25626687
26025770
26137866
22718602
24799068
24125236
21008172
22886137
19664223
26489361
25164131
21631760
23043480
23187323
25759257
25416199
24557958
22758607
26762871
23003543
20868559
20305136
23564333
24834798
24558070
23198281
25140123
23875464
18790456
20805739
19709380
20638001
22949700
22212373
26467918
25921909
23851861
25917634
25342804
23705453
25810985
25064096
23070458
24025427
24091937
23860637
20998789
21524818
20795861
23104500
24389005
26815026
25464687
23068860
20542106
20557698
22615057
20176615
26251378
22792920
22627477
23100248
22259849
24959268
24238097
24668005
25310471
23796646
26319800
20176706
23593179
24215057
20894615
20963261
24168572
23187953
24527200
21868461
25399909
24921828
21840358
24020522
23981552
23788456
22971300
22894215
25253164
23836426
25798294
26560888
25005281
22848562
22887262
23803509
20136632
20347931
24308949
22445542
24073419
25198286
17998747
17752326
24398950
26313028
26071805
26213556
26319643
24817630
24349945
24137792
26175755
26218146
25617192
25485454
23504529
26457591
23025480
25085269
24896201
25568007
25317581
26298156
25808128
20329570
25701725
24898001
21081004
25264999
23240873
25149326
20273118
24517075
26870264
26294668
26083280
23173418
23303063
24500065
24937893
24009159
23929306
22767225
24341440
24051212
24270227
25223126
23267806
33285699
23403031
21043384
24911838
23684169
23372746
23766001
25734732
24061201
17880757
23294805
26386310
25841743
22703010
24518335
25451142
24290342
24168392
26636039
25149394
25674387
22799760
23695419
24075085
24942326
24128769
25113213
22707195
24646608
25331374
25466756
24750715
23530650
22820280
23204085
20865230
22084483
22651012
21690148
23886287
22362112
24601900
23518141
23129138
22665524
20124798
25104326
25048504
25077708
23934009
23614891
26495099
24819655
24685060
24385787
21078934
26718051
23476628
25737455
26318856
23347118
23497958
24256457
25354571
23030587
25117713
24747363
25003413
22250466
22537882
19741578
20147208
23882417
22483882
24897393
25834475
21375598
24692081
23594146
24945206
24061111
25182244
26096082
22179388
22615214
24209274
26625689
27003711
24525692
26178387
25168496
26269266
25967990
25897474
25481089
23767869
23351956
24606782
24350755
23700954
26762578
24831603
21022235
25930708
25637712
25223239
21978036
23108348
23769263
20455458
23701089
22296434
25837288
23719133
23606971
24365627
26048586
25696617
25482664
23302366
24315790
24070247
23093048
25395251
25246234
24757218
26409351
26884012
21927613
25396061
25311664
24189339
25051249
18408810
25179116
24514465
24486227
25285968
25217073
25227378
25953612
20763664
23438513
22427519
24385787
24152057
24250990
25415591
23814782
22775595
21426650
22127256
24980913
24572088
23368358
21934251
20567778
25194529
20484033
25638499
25488132
24929433
25529914
26298246
24102692
26354338
24430810
24174107
22224412
23906514
22932195
25937300
23188156
22787070
20797166
21841483
23950321
25379591
17484081
24066760
24302920
22842914
24049727
24639025
22244639
26974529
26295253
25257439
26341873
24893883
25409539
21056187
25131528
26025792
24879168
22935885
22756964
24182139
18562530
22813417
25056761
24302379
23362261
23716681
22485209
23238781
22869870
25065829
24084872
23237453
26751509
21418235
23443531
26180481
25154298
20892972
24729363
25240361
24966108
23302973
21423950
20720104
19945472
19870323
20033042
22711515
22489506
23920239
23047148
23662141
22680757
17632581
16024076
23881359
26206288
26725139
23874946
24952496
25748660
25632875
24818643
24955624
17989522
16842268
18150982
19921082
22606755
24111895
24703443
23607309
23579161
24365694
24529270
24792813
25454471
27131939
25383416
24050874
24700698
24690326
22494614
27206999
25587290
23127833
23644884
26339915
24274412
23486528
25040898
23553196
21967550
22135919
22831125
20707009
23642206
24866366
22370909
25235187
25036916
24770965
20943169
24782598
24945296
25692139
25480685
21886371
26605889
23169750
26429285
26010537
26091830
25195069
23898504
20339494
23530628
25031381
24654393
24040569
23592166
25353064
24438618
23431155
25278994
25547959
24218005
27451643
24690123
24048242
23371058
23027865
25709689
24068356
23771851
25701860
24880271
22302959
22203869
23623621
25707034
23625758
24131155
25308919
24797268
25942744
24661660
23278133
24118397
24783115
23426881
20768929
25809275
22211227
22732552
25621062
22179682
20599908
27217147
23822791
24686927
23032500
23051693
25645474
22527959
23609536
25536889
24292075
23735941
25067943
25663272
24897461
25166359
25082703
24884951
26160230
20385663
25107701
24705580
25478839
24391367
20773587
20684801
20008247
20649858
23367683
22618725
24521305
25304374
23937744
24594903
22240926
23592661
23636176
26150893
25660324
26046695
25177361
26554094
22488876
22805969
24311109
22138191
24833560
22957890
24454570
23475233
25825249
25211246
25611162
23609559
23847721
23505901
24024932
23836742
24958683
23927124
25261871
24955128
23442856
17629926
23281080
21828815
22501342
21783388
23884689
23806907
24281995
24214810
17229830
23582423
25849640
24317657
24715008
25754645
25713312
23468505
22073886
24279497
23545704
22574647
25613795
26391621
26204330
25229494
24987664
23784114
23644703
22545734
22314884
22369581
18618668
24459768
22373632
26563229
22970400
23243775
22249567
22697564
23805039
24700990
23593494
22702875
24571547
25016171
23374546
25943735
24084219
24270385
24848051
25205576
25841900
25734102
22043556
23279370
23028675
23766609
25211111
22848899
23163675
22805790
23197020
22260006
24362927
24364165
25522601
23040825
23360685
24011882
24075827
23585214
23778129
23147341
26657549
25814450
24597108
24069009
24585273
25332926
25313801
24856398
24045767
24232428
24076164
24442802
23249558
24691248
25262028
23141985
25275708
24895233
24420775
24659815
24627416
25601307
26186397
25788102
23153775
23086185
25609205
24200972
25232667
24556382
25089836
23989314
21187227
21032989
20492651
25598269
24884433
22180176
24379285
23170696
24737800
22985768
24162812
24116372
25915925
23777724
25374822
22751317
22629232
23691729
23106728
21795246
24883645
25662417
25146784
24888888
25204271
22386164
22838752
22708364
22251187
24326117
23898347
24111759
25712592
24765453
24293807
17367981
24979833
24475810
24184705
17530296
25392484
24722478
17114923
23276221
24262734
23676429
25344289
24713275
23837462
25008521
21495860
23507746
23607556
23829744
23003182
24964916
23882956
20789652
24904098
24220345
23811338
24993491
22678057
23435520
23624498
20789336
25385757
26544868
25854702
25223936
23592459
24671718
25146401
23829564
24673833
26868486
23510356
25322397
25681812
23536658
24382367
24607683
25351826
25053026
26650573
25485522
26027390
24646945
22921575
27044820
26483241
21698743
26070208
22797555
22083067
25565262
23093363
20584226
20657981
25201099
25669864
24250000
25890748
26374858
21160228
24003849
25657152
25701364
25526899
25074536
26817906
22822553
26401768
24948356
24526930
23591986
23786949
23694429
21485240
25785042
22153649
25224701
22622009
24146634
19279741
25925578
24573010
25592330
23052367
23424653
20890384
23700751
24358338
23591469
22120551
26684549
24809440
25248777
25967540
25829322
27540742
22096881
23912701
25362919
25633505
24778728
23025435
25034576
21162409
20089203
21326952
21439093
24289442
25733922
23670151
23937204
23779096
23419704
24458373
22141836
24568488
26165000
26378458
20262768
24249370
23659058
21310235
25373944
25162736
26127672
25877517
24605523
16753145
20781754
18990976
23617501
24407365
25713897
25339654
21202437
20181250
23367953
24532668
22421085
22113914
25354886
23716884
23883474
25675017
24000857
25328202
24399513
23514924
26390090
24864296
24188394
25384002
26542416
20709147
23193938
24583428
22554374
21280040
25001568
25346044
19376266
24989418
25024023
23768431
22399079
21501980
24951911
24867626
25743935
25051743
24321100
19532934
24749748
25697157
24757915
24241135
24819836
25474564
24840850
26200956
27100371
25669482
25785470
24922706
24497388
25019321
24283480
22720357
25341498
24897843
23738259
25872612
25411046
24567227
24586195
24294347
23412008
25945647
24044012
23463623
23482343
25053183
24254860
21796100
20318254
24433218
22541550
26035490
25051631
26578371
27436635
25712255
23279033
26175957
24252970
23996784
25588100
20297868
26421613
23770681
22834792
17932350
26064380
25884717
21675028
19559710
25642482
22772197
25672182
24618438
25380874
24766330
24872643
25135849
21059517
25193179
26530221
22995578
24567813
25543617
23785216
26141780
28079776
21988363
21345695
17468376
25516459
26118066
25428349
25304283
24820533
25551537
26944267
24287957
20256941
26046740
24260260
23841174
20592147
25104011
24638711
24967751
18191910
25496614
25708002
24393123
22846830
19361776
25245649
22206366
24655406
23983892
24599988
23874047
25448149
25296702
26301148
25831415
24339887
24468520
20503248
26220710
26268276
23724759
25077123
26331343
26141712
26964246
21637002
23740554
25124958
24723738
23666079
25211111
22249431
21885156
17136545
24742187
26230183
25422814
24793308
22594222
24865263
24611755
26837998
24886683
25435189
22950240
25525099
24418817
25296274
23088503
23510671
23815501
22543642
22364587
24428313
23826437
24476620
23034728
24110836
25765984
24097022
25960520
26011032
25117444
25054915
26300046
23464861
23255498
23284681
24707740
25222496
24534310
24767343
24694623
25435189
25775952
26010650
25632739
26344866
24560882
23925504
24643728
25237571
25424434
24718698
24014852
25986372
25308446
23085893
23456761
25414331
25021863
24979654
25307727
24401650
24712668
24997001
23434778
24802330
22331399
24969461
21424040
25048998
25565734
26813294
25834295
25869687
23360821
24391097
26298898
24483550
25025914
21146952
25051676
24837521
20479286
25946525
22320734
24366865
24901555
24990229
26556344
24882048
25507279
23449471
21332577
24174467
23679084
23504348
24883646
26041700
24791508
25205643
21665556
20226543
22349129
23002575
23853504
26304996
27135922
26666256
23456761
22681298
21108274
25506424
23964790
26256733
21859123
21589528
24566957
25377926
24428740
23547075
23961571
24657362
21285214
21858719
25747400
24737665
25085538
25077191
25275056
21238280
25105338
28082836
23319713
24353387
22954200
22448377
21735080
27390780
26066383
24966829
22333289
25357204
23139397
21637206
